field_id,date_of_image,latitude,longitude,NDVI,GNDVI,NDWI,SAVI,soil_moisture,temperature,rainfall,crop_type,crop_group,crop_season,agro_ecological_zone,water_requirement,yield
Field_1,1/1/2023,22.62523109,88.49792521,0.060189961,0.084800905,-0.084800905,0.09027956,46.11935326,9.884228735,1.662354196,Rice,Poaceae,Estival,Tropical húmedo,Alta,40.21803063
Field_1,16/1/2023,22.62523109,88.49792521,0.21395714,0.222008568,-0.222008568,0.320895526,37.54252546,13.96707263,8.446302193,Rice,Poaceae,Estival,Tropical húmedo,Alta,30.8703379
Field_1,31/1/2023,22.62523109,88.49792521,0.403306358,0.431204267,-0.431204267,0.604837027,24.92627906,13.59014742,3.862833237,Rice,Poaceae,Estival,Tropical húmedo,Alta,45.33005008
Field_1,15/2/2023,22.62523109,88.49792521,0.418186528,0.444132119,-0.444132119,0.627143696,24.1141571,12.34335542,16.62354196,Rice,Poaceae,Estival,Tropical húmedo,Alta,49.71178105
Field_1,3/2/2023,22.62523109,88.49792521,0.375137647,0.387985002,-0.387985002,0.562590743,27.42092711,11.00770651,9.496210107,Rice,Poaceae,Estival,Tropical húmedo,Alta,34.54264576
Field_1,17/3/2023,22.62523109,88.49792521,0.450441814,0.414487963,-0.414487963,0.675558913,25.29849811,29.05703078,11.03814476,Rice,Poaceae,Estival,Tropical húmedo,Alta,48.32423291
Field_1,4/1/2023,22.62523109,88.49792521,0.511422904,0.467237584,-0.467237584,0.767016104,21.98207972,14.59747283,17.52762933,Rice,Poaceae,Estival,Tropical húmedo,Alta,53.44668506
Field_1,16/4/2023,22.62523109,88.49792521,0.478374933,0.470818651,-0.470818651,0.717455656,22.13672953,26.89658942,16.57368075,Rice,Poaceae,Estival,Tropical húmedo,Alta,51.58966574
Field_1,5/1/2023,22.62523109,88.49792521,0.499145315,0.455278622,-0.455278622,0.748619438,22.71814608,11.23455428,16.86155872,Rice,Poaceae,Estival,Tropical húmedo,Alta,52.78942541
Field_1,31/5/2023,22.62523109,88.49792521,0.495261375,0.467180972,-0.467180972,0.742791982,22.15002624,28.76547304,10.38336348,Rice,Poaceae,Estival,Tropical húmedo,Alta,38.43404016
Field_1,13/10/2023,22.62523109,88.49792521,0.440812789,0.368312131,-0.368312131,0.661123118,27.75477796,13.70434524,16.87002572,Rice,Poaceae,Estival,Tropical húmedo,Alta,51.90264653
Field_1,28/10/2023,22.62523109,88.49792521,0.597514171,0.534746658,-0.534746658,0.896115678,17.65553208,29.52973786,17.38086801,Rice,Poaceae,Estival,Tropical húmedo,Alta,55.62711785
Field_1,11/12/2023,22.62523109,88.49792521,0.529307362,0.504987883,-0.504987883,0.793833125,19.87173275,12.30010937,10.59880157,Rice,Poaceae,Estival,Tropical húmedo,Alta,39.26865558
Field_1,27/11/2023,22.62523109,88.49792521,0.422288701,0.408978993,-0.408978993,0.633314128,25.86733441,27.22968767,16.87002572,Rice,Poaceae,Estival,Tropical húmedo,Alta,50.55682916
Field_1,12/12/2023,22.62523109,88.49792521,0.501731263,0.482503444,-0.482503444,0.752461793,21.30151768,8.42731778,10.40500137,Rice,Poaceae,Estival,Tropical húmedo,Alta,38.45490555
Field_1,27/12/2023,22.62523109,88.49792521,0.445926395,0.430894417,-0.430894417,0.668751365,24.50682826,14.34964174,16.74302073,Rice,Poaceae,Estival,Tropical húmedo,Alta,51.04716572
Field_2,16/1/2023,25.37877892,83.01640486,0.279167432,0.306950665,-0.306950665,0.418697274,32.53902625,10.48604637,15.38547851,Rice,Poaceae,Estival,Tropical húmedo,Alta,45.79952126
Field_2,31/1/2023,25.37877892,83.01640486,0.352304075,0.389930306,-0.389930306,0.528385528,27.55478778,7.15824618,15.79471681,Rice,Poaceae,Estival,Tropical húmedo,Alta,47.55221364
Field_2,15/2/2023,25.37877892,83.01640486,0.29743809,0.355413734,-0.355413734,0.446096683,29.87769423,5.360588605,15.70346137,Rice,Poaceae,Estival,Tropical húmedo,Alta,45.92471357
Field_2,3/2/2023,25.37877892,83.01640486,0.304836525,0.359751296,-0.359751296,0.457197543,29.58064007,10.31998996,15.43910284,Rice,Poaceae,Estival,Tropical húmedo,Alta,45.99774242
Field_2,17/3/2023,25.37877892,83.01640486,0.295018731,0.332646295,-0.332646295,0.442473412,31.06500775,24.80185578,15.61220594,Rice,Poaceae,Estival,Tropical húmedo,Alta,46.13336743
Field_2,4/1/2023,25.37877892,83.01640486,0.324332121,0.35809538,-0.35809538,0.486441933,29.46609228,10.67081945,15.23119097,Rice,Poaceae,Estival,Tropical húmedo,Alta,46.65500206
Field_2,16/4/2023,25.37877892,83.01640486,0.252393581,0.309416917,-0.309416917,0.378549041,32.68652662,24.46960053,8.583655738,Rice,Poaceae,Estival,Tropical húmedo,Alta,30.98509753
Field_2,5/1/2023,25.37877892,83.01640486,0.344011696,0.374978269,-0.374978269,0.515963778,28.40299316,8.004618748,5.360551336,Rice,Poaceae,Estival,Tropical húmedo,Alta,43.92163656
Field_2,16/5/2023,25.37877892,83.01640486,0.270803683,0.323778439,-0.323778439,0.40616568,31.76514447,11.70462216,8.714423838,Rice,Poaceae,Estival,Tropical húmedo,Alta,31.46500139
Field_2,31/5/2023,25.37877892,83.01640486,0.273582639,0.322623657,-0.322623657,0.410334609,31.79573154,26.50252718,8.741706391,Rice,Poaceae,Estival,Tropical húmedo,Alta,31.59019371
Field_2,15/6/2023,25.37877892,83.01640486,0.217566921,0.278929406,-0.278929406,0.326318825,34.59903245,26.13669465,8.344698202,Rice,Poaceae,Estival,Tropical húmedo,Alta,30.11918403
Field_2,29/8/2023,25.37877892,83.01640486,0.49578519,0.463494309,-0.463494309,0.743597596,22.33293371,29.83822159,17.43072923,Rice,Poaceae,Estival,Tropical húmedo,Alta,52.85202157
Field_2,28/9/2023,25.37877892,83.01640486,0.503070062,0.463745393,-0.463745393,0.754498653,22.24571278,24.13354742,16.67528474,Rice,Poaceae,Estival,Tropical húmedo,Alta,52.70596387
Field_2,13/10/2023,25.37877892,83.01640486,0.452847953,0.430412376,-0.430412376,0.679185892,24.46075439,26.78854948,10.09078161,Rice,Poaceae,Estival,Tropical húmedo,Alta,37.20298242
Field_2,28/10/2023,25.37877892,83.01640486,0.455247558,0.476415369,-0.476415369,0.682780213,22.08713363,18.24981266,16.86155872,Rice,Poaceae,Estival,Tropical húmedo,Alta,50.76548302
Field_2,11/12/2023,25.37877892,83.01640486,0.247056058,0.257977873,-0.257977873,0.370542166,35.36774049,13.18674182,14.82289345,Rice,Poaceae,Estival,Tropical húmedo,Alta,45.0170693
Field_2,27/11/2023,25.37877892,83.01640486,0.337730048,0.382477812,-0.382477812,0.506526803,28.0841874,10.67075885,15.44004362,Rice,Poaceae,Estival,Tropical húmedo,Alta,46.90538669
Field_2,12/12/2023,25.37877892,83.01640486,0.360501065,0.372626558,-0.372626558,0.540676456,28.35467794,7.3110801,9.401191559,Rice,Poaceae,Estival,Tropical húmedo,Alta,34.16706882
Field_2,27/12/2023,25.37877892,83.01640486,0.215816487,0.202356223,-0.202356223,0.323684648,38.52707084,14.29143827,14.9216751,Rice,Poaceae,Estival,Tropical húmedo,Alta,44.7353866
Field_3,31/1/2023,30.87054253,76.70892965,0.571595188,0.562519363,-0.562519363,0.857198033,16.50204369,2.422129317,10.84152222,Rice,Poaceae,Estival,Tropical húmedo,Alta,40.13456908
Field_3,15/2/2023,30.87054253,76.70892965,0.580707805,0.575482841,-0.575482841,0.870934313,15.7470058,2.147650438,10.89232421,Rice,Poaceae,Estival,Tropical húmedo,Alta,40.31192486
Field_3,3/2/2023,30.87054253,76.70892965,0.552035182,0.563190616,-0.563190616,0.827936744,16.66753044,4.327139258,10.66465601,Rice,Poaceae,Estival,Tropical húmedo,Alta,39.27908828
Field_3,17/3/2023,30.87054253,76.70892965,0.494979622,0.505945179,-0.505945179,0.742362936,20.17343393,14.52483839,9.458578999,Rice,Poaceae,Estival,Tropical húmedo,Alta,47.72956942
Field_3,4/1/2023,30.87054253,76.70892965,0.493499523,0.509222173,-0.509222173,0.740142427,20.02121235,-4.031876022,16.97445205,Rice,Poaceae,Estival,Tropical húmedo,Alta,51.78788691
Field_3,16/4/2023,30.87054253,76.70892965,0.43457814,0.487439739,-0.487439739,0.651782045,21.73527529,19.51012847,9.79349586,Rice,Poaceae,Estival,Tropical húmedo,Alta,35.43985734
Field_3,5/1/2023,30.87054253,76.70892965,0.459964401,0.477072122,-0.477072122,0.689855956,22.00542446,-2.719074593,16.55392441,Rice,Poaceae,Estival,Tropical húmedo,Alta,50.76548302
Field_3,16/5/2023,30.87054253,76.70892965,0.388666075,0.43761347,-0.43761347,0.58292577,24.7485165,10.02258994,16.38740676,Rice,Poaceae,Estival,Tropical húmedo,Alta,48.54331946
Field_3,31/5/2023,30.87054253,76.70892965,0.469629868,0.47354799,-0.47354799,0.704355897,22.08666981,3.652494779,16.3563611,Rice,Poaceae,Estival,Tropical húmedo,Alta,51.08889649
Field_3,15/6/2023,30.87054253,76.70892965,0.36846311,0.407328473,-0.407328473,0.552631019,26.50133112,19.33520352,16.4109262,Rice,Poaceae,Estival,Tropical húmedo,Alta,48.25120406
Field_3,29/8/2023,30.87054253,76.70892965,0.636849077,0.591058351,-0.591058351,0.955152046,14.37828846,22.92156592,11.3570684,Rice,Poaceae,Estival,Tropical húmedo,Alta,42.49235765
Field_3,13/9/2023,30.87054253,76.70892965,0.636849077,0.591058351,-0.591058351,0.955152046,14.37828846,20.48778906,17.87101319,Rice,Poaceae,Estival,Tropical húmedo,Alta,56.54519481
Field_3,28/9/2023,30.87054253,76.70892965,0.440759004,0.395855522,-0.395855522,0.660990988,26.34884128,9.582822325,10.06443984,Rice,Poaceae,Estival,Tropical húmedo,Alta,37.26557857
Field_3,13/10/2023,30.87054253,76.70892965,0.552620925,0.551182759,-0.551182759,0.828819983,17.274722,8.70154737,10.69852401,Rice,Poaceae,Estival,Tropical húmedo,Alta,39.50860752
Field_3,28/10/2023,30.87054253,76.70892965,0.434841605,0.465852226,-0.465852226,0.652167819,22.83493734,3.707944027,9.846179411,Rice,Poaceae,Estival,Tropical húmedo,Alta,35.81543428
Field_3,11/12/2023,30.87054253,76.70892965,0.404213863,0.446519545,-0.446519545,0.606221769,24.13494577,1.29060563,9.618511208,Rice,Poaceae,Estival,Tropical húmedo,Alta,34.81389577
Field_3,27/11/2023,30.87054253,76.70892965,0.397641379,0.414411108,-0.414411108,0.596365833,25.84166687,0.271629576,5.259888122,Rice,Poaceae,Estival,Tropical húmedo,Alta,45.38221355
Field_3,12/12/2023,30.87054253,76.70892965,0.469473199,0.474404518,-0.474404518,0.704094713,22.0445318,1.663050003,10.13593894,Rice,Poaceae,Estival,Tropical húmedo,Alta,37.18211703
Field_3,27/12/2023,30.87054253,76.70892965,0.464178676,0.467725406,-0.467725406,0.696159946,22.43966876,-0.664619247,10.1039525,Rice,Poaceae,Estival,Tropical húmedo,Alta,37.06735741
Field_4,16/1/2023,26.84068688,81.06703001,0.285574164,0.27781772,-0.27781772,0.428297001,33.96125062,9.828339601,13.93009541,Wheat,Poaceae,Invernal,Subtropical templado,Media,45.69519433
Field_4,31/1/2023,26.84068688,81.06703001,0.361356433,0.354951102,-0.354951102,0.541946139,29.24852825,5.982979369,6.628719676,Wheat,Poaceae,Invernal,Subtropical templado,Media,34.4800496
Field_4,15/2/2023,26.84068688,81.06703001,0.368845325,0.387953407,-0.387953407,0.553180797,27.48680321,5.691287543,6.617430344,Wheat,Poaceae,Invernal,Subtropical templado,Media,34.25053036
Field_4,3/2/2023,26.84068688,81.06703001,0.348017549,0.382637822,-0.382637822,0.521948306,27.97095166,14.82789047,6.444327247,Wheat,Poaceae,Invernal,Subtropical templado,Media,33.53067456
Field_4,17/3/2023,26.84068688,81.06703001,0.36132531,0.377010291,-0.377010291,0.541908821,28.12240746,28.98050161,12.58290174,Wheat,Poaceae,Invernal,Subtropical templado,Media,46.3211559
Field_4,4/1/2023,26.84068688,81.06703001,0.363464027,0.367479258,-0.367479258,0.545118851,28.58726122,11.62770983,6.617430344,Wheat,Poaceae,Invernal,Subtropical templado,Media,34.36528998
Field_4,16/4/2023,26.84068688,81.06703001,0.33876942,0.369898786,-0.369898786,0.508085762,28.71591248,28.18958034,6.391643696,Wheat,Poaceae,Invernal,Subtropical templado,Media,33.37418417
Field_4,5/1/2023,26.84068688,81.06703001,0.310696603,0.347589415,-0.347589415,0.465985799,30.14183059,9.598223578,13.94985174,Wheat,Poaceae,Invernal,Subtropical templado,Media,45.5908674
Field_4,16/5/2023,26.84068688,81.06703001,0.361525528,0.407964077,-0.407964077,0.542220902,26.53972708,20.727333,6.505477798,Wheat,Poaceae,Invernal,Subtropical templado,Media,33.65586687
Field_4,31/5/2023,26.84068688,81.06703001,0.339417781,0.363415841,-0.363415841,0.509066246,29.04033834,15.40347099,6.412340805,Wheat,Poaceae,Invernal,Subtropical templado,Media,33.49937648
Field_4,15/6/2023,26.84068688,81.06703001,0.308113534,0.343466242,-0.343466242,0.462112145,30.3787584,27.66737007,6.179027936,Wheat,Poaceae,Invernal,Subtropical templado,Media,32.6021649
Field_4,29/8/2023,26.84068688,81.06703001,-0.054491711,-0.087387553,0.087387553,-0.081735954,56.083278,31.11896722,11.62989393,Wheat,Poaceae,Invernal,Subtropical templado,Media,44.50586735
Field_4,28/9/2023,26.84068688,81.06703001,0.540294332,0.494842235,-0.494842235,0.81034134,20.27760532,13.10162185,7.898769572,Wheat,Poaceae,Invernal,Subtropical templado,Media,39.19562673
Field_4,13/10/2023,26.84068688,81.06703001,0.473218987,0.419774083,-0.419774083,0.709739145,24.7959453,12.2937533,7.475419607,Wheat,Poaceae,Invernal,Subtropical templado,Media,37.77678052
Field_4,28/10/2023,26.84068688,81.06703001,0.471033862,0.432737849,-0.432737849,0.70645046,24.15627516,27.66481088,14.70341468,Wheat,Poaceae,Invernal,Subtropical templado,Media,50.85937725
Field_4,11/12/2023,26.84068688,81.06703001,0.395130616,0.405719765,-0.405719765,0.59261478,26.31112693,6.843965232,13.92821385,Wheat,Poaceae,Invernal,Subtropical templado,Media,47.92779058
Field_4,27/11/2023,26.84068688,81.06703001,0.451315361,0.461276553,-0.461276553,0.676893317,22.90034679,20.46887335,14.43058914,Wheat,Poaceae,Invernal,Subtropical templado,Media,49.50312719
Field_4,12/12/2023,26.84068688,81.06703001,0.442887424,0.428384689,-0.428384689,0.66422967,24.66602259,8.7308595,7.18377852,Wheat,Poaceae,Invernal,Subtropical templado,Media,36.47269392
Field_4,27/12/2023,26.84068688,81.06703001,0.390137609,0.38570617,-0.38570617,0.585112429,27.38410152,5.438815589,14.790907,Wheat,Poaceae,Invernal,Subtropical templado,Media,48.52245407
Field_5,16/1/2023,30.69708764,76.51908279,0.681930027,0.597563212,-0.597563212,1.022754595,13.58571574,0.284146544,8.92233571,Wheat,Poaceae,Invernal,Subtropical templado,Media,43.05572306
Field_5,31/1/2023,30.69708764,76.51908279,0.221669646,0.162288834,-0.162288834,0.332488855,40.51330923,-4.07563896,13.56131055,Wheat,Poaceae,Invernal,Subtropical templado,Media,44.82928083
Field_5,15/2/2023,30.69708764,76.51908279,0.756505157,0.713038811,-0.713038811,1.134633243,6.92740058,0.336860282,9.317462344,Wheat,Poaceae,Invernal,Subtropical templado,Media,43.84860771
Field_5,3/2/2023,30.69708764,76.51908279,0.738419022,0.677332916,-0.677332916,1.107502851,8.935411027,-0.102234748,9.240318572,Wheat,Poaceae,Invernal,Subtropical templado,Media,43.98423272
Field_5,17/3/2023,30.69708764,76.51908279,0.684957023,0.617732385,-0.617732385,1.027327384,12.52487532,1.158586148,12.11721678,Wheat,Poaceae,Invernal,Subtropical templado,Media,54.79250243
Field_5,4/1/2023,30.69708764,76.51908279,0.40118289,0.427307098,-0.427307098,0.601705108,25.14697222,4.379422078,8.771811278,Wheat,Poaceae,Invernal,Subtropical templado,Media,45.3091847
Field_5,16/4/2023,30.69708764,76.51908279,0.251579002,0.384244965,-0.384244965,0.377323216,28.87379864,20.22662851,5.577870985,Wheat,Poaceae,Invernal,Subtropical templado,Media,29.77490516
Field_5,5/1/2023,30.69708764,76.51908279,0.224677901,0.324703067,-0.324703067,0.336977743,32.18900573,3.425364608,13.13796058,Wheat,Poaceae,Invernal,Subtropical templado,Media,42.17937687
Field_5,16/5/2023,30.69708764,76.51908279,0.204320853,0.302233119,-0.302233119,0.306447025,33.54432348,13.55247049,13.15865769,Wheat,Poaceae,Invernal,Subtropical templado,Media,41.75163646
Field_5,31/5/2023,30.69708764,76.51908279,0.237385391,0.307183824,-0.307183824,0.356039097,32.95383483,3.181951511,12.79833983,Wheat,Poaceae,Invernal,Subtropical templado,Media,42.75317497
Field_5,15/6/2023,30.69708764,76.51908279,0.215685429,0.30606361,-0.30606361,0.323486346,33.23265688,22.69539717,12.75412328,Wheat,Poaceae,Invernal,Subtropical templado,Media,41.90812685
Field_5,30/6/2023,30.69708764,76.51908279,0.170041412,0.117409921,-0.117409921,0.255033597,43.33229535,25.48800523,13.38350356,Wheat,Poaceae,Invernal,Subtropical templado,Media,43.44173269
Field_5,15/7/2023,30.69708764,76.51908279,0.09601938,0.137009889,-0.137009889,0.144010435,43.087413,23.09288341,31.47936263,Wheat,Poaceae,Invernal,Subtropical templado,Media,51.52706959
Field_5,14/8/2023,30.69708764,76.51908279,0.679668449,0.63531826,-0.63531826,1.019386142,11.68087522,25.6153555,15.95935291,Wheat,Poaceae,Invernal,Subtropical templado,Media,56.44086788
Field_5,29/8/2023,30.69708764,76.51908279,0.694155109,0.636246564,-0.636246564,1.041113503,11.48552153,24.43021635,8.941151264,Wheat,Poaceae,Invernal,Subtropical templado,Media,42.92009805
Field_5,13/9/2023,30.69708764,76.51908279,0.381001226,0.247942546,-0.247942546,0.571406896,34.51222301,10.61869702,15.00540432,Wheat,Poaceae,Invernal,Subtropical templado,Media,50.44206954
Field_5,28/9/2023,30.69708764,76.51908279,0.577300013,0.508206585,-0.508206585,0.86584424,19.21722882,11.03417784,8.19793688,Wheat,Poaceae,Invernal,Subtropical templado,Media,40.41625179
Field_5,13/10/2023,30.69708764,76.51908279,0.476023792,0.511690534,-0.511690534,0.713940732,20.07364447,20.15209097,7.284441733,Wheat,Poaceae,Invernal,Subtropical templado,Media,36.45182854
Field_5,28/10/2023,30.69708764,76.51908279,0.270910992,0.33213754,-0.33213754,0.406312916,31.33719631,11.74745445,5.873275183,Wheat,Poaceae,Invernal,Subtropical templado,Media,31.33980908
Field_5,11/12/2023,30.69708764,76.51908279,0.298126825,0.35905039,-0.35905039,0.447123424,29.68495667,0.999856278,6.053904501,Wheat,Poaceae,Invernal,Subtropical templado,Media,31.96577065
Field_5,27/11/2023,30.69708764,76.51908279,0.459149752,0.51397462,-0.51397462,0.688606969,20.12934151,6.496816709,5.677593421,Wheat,Poaceae,Invernal,Subtropical templado,Media,46.19596358
Field_5,12/12/2023,30.69708764,76.51908279,0.685012289,0.628431025,-0.628431025,1.027369921,11.97799156,4.650432001,8.878119158,Wheat,Poaceae,Invernal,Subtropical templado,Media,42.69057881
Field_5,27/12/2023,30.69708764,76.51908279,0.10241311,0.10665215,-0.10665215,0.153611222,44.57231351,-3.845887962,13.17371014,Wheat,Poaceae,Invernal,Subtropical templado,Media,41.82466531
Field_6,31/1/2023,29.21932823,76.20313269,0.734908925,0.668472678,-0.668472678,1.102235597,9.42370171,8.470341122,16.58120697,Wheat,Poaceae,Invernal,Subtropical templado,Media,58.40221412
Field_6,15/2/2023,29.21932823,76.20313269,0.265605956,0.286030856,-0.286030856,0.398381503,33.74578476,12.47520171,5.934425734,Wheat,Poaceae,Invernal,Subtropical templado,Media,31.86144372
Field_6,3/2/2023,29.21932823,76.20313269,0.686032556,0.653084563,-0.653084563,1.028925988,10.70865431,11.0554771,8.829198717,Wheat,Poaceae,Invernal,Subtropical templado,Media,42.34629995
Field_6,17/3/2023,29.21932823,76.20313269,0.554917003,0.546300492,-0.546300492,0.832280475,17.50058232,14.55577761,16.97539282,Wheat,Poaceae,Invernal,Subtropical templado,Media,53.58231006
Field_6,4/1/2023,29.21932823,76.20313269,0.227480445,0.372060929,-0.372060929,0.341175433,29.74208431,8.328404701,0.243661424,Wheat,Poaceae,Invernal,Subtropical templado,Media,39.47730944
Field_6,16/4/2023,29.21932823,76.20313269,0.173985529,0.318613507,-0.318613507,0.260953216,33.01768012,26.18993827,5.038805363,Wheat,Poaceae,Invernal,Subtropical templado,Media,27.81355892
Field_6,5/1/2023,29.21932823,76.20313269,0.157967618,0.295596825,-0.295596825,0.236925907,34.3566014,13.70844953,3.909872122,Wheat,Poaceae,Invernal,Subtropical templado,Media,37.98543437
Field_6,16/5/2023,29.21932823,76.20313269,0.127140041,0.238341573,-0.238341573,0.190691612,37.59514297,16.0064954,13.0655207,Wheat,Poaceae,Invernal,Subtropical templado,Media,39.71726137
Field_6,31/5/2023,29.21932823,76.20313269,0.161762248,0.270859973,-0.270859973,0.242620287,35.58101908,29.4692398,13.0655207,Wheat,Poaceae,Invernal,Subtropical templado,Media,40.55187679
Field_6,15/6/2023,29.21932823,76.20313269,0.145360145,0.248003755,-0.248003755,0.218019194,36.91567009,30.85686925,0.686767721,Wheat,Poaceae,Invernal,Subtropical templado,Media,38.24625169
Field_6,30/6/2023,29.21932823,76.20313269,0.073895019,0.130381322,-0.130381322,0.110821926,43.65184992,32.99342308,12.51516575,Wheat,Poaceae,Invernal,Subtropical templado,Media,41.17783836
Field_6,14/8/2023,29.21932823,76.20313269,0.485586486,0.485823919,-0.485823919,0.728291985,21.29684428,29.92105643,6.512063241,Wheat,Poaceae,Invernal,Subtropical templado,Media,47.65654057
Field_6,29/8/2023,29.21932823,76.20313269,0.564954122,0.541301291,-0.541301291,0.847332516,17.65335555,27.98986495,8.00978134,Wheat,Poaceae,Invernal,Subtropical templado,Media,39.41471328
Field_6,13/9/2023,29.21932823,76.20313269,0.642854146,0.604500114,-0.604500114,0.964153523,13.6305643,28.14502278,16.96034038,Wheat,Poaceae,Invernal,Subtropical templado,Media,56.05485825
Field_6,28/9/2023,29.21932823,76.20313269,0.57341012,0.562318058,-0.562318058,0.860014734,16.49378752,23.48481218,8.036123116,Wheat,Poaceae,Invernal,Subtropical templado,Media,39.41471328
Field_6,13/10/2023,29.21932823,76.20313269,0.526608222,0.538461337,-0.538461337,0.789817438,18.18999784,11.59945622,7.673923701,Wheat,Poaceae,Invernal,Subtropical templado,Media,37.98543437
Field_6,28/10/2023,29.21932823,76.20313269,0.27330322,0.342268786,-0.342268786,0.409906865,30.79541909,24.82967037,5.871393628,Wheat,Poaceae,Invernal,Subtropical templado,Media,31.27721292
Field_6,11/12/2023,29.21932823,76.20313269,0.113477656,0.128304464,-0.128304464,0.170198722,43.35365088,6.654316716,4.94566837,Wheat,Poaceae,Invernal,Subtropical templado,Media,28.94028974
Field_6,27/11/2023,29.21932823,76.20313269,0.316196223,0.36204393,-0.36204393,0.474231953,29.34755299,26.57090094,3.163835406,Wheat,Poaceae,Invernal,Subtropical templado,Media,43.05572306
Field_6,12/12/2023,29.21932823,76.20313269,0.392172325,0.413842014,-0.413842014,0.588175862,25.92658203,6.523393427,13.94891096,Wheat,Poaceae,Invernal,Subtropical templado,Media,47.69827134
Field_6,27/12/2023,29.21932823,76.20313269,0.594554525,0.5598772,-0.5598772,0.89171188,16.40248324,14.71720516,16.61695652,Wheat,Poaceae,Invernal,Subtropical templado,Media,54.69860819
Field_7,1/1/2023,23.54870209,77.3613415,0.762607218,0.680534545,-0.680534545,1.143760068,8.524890844,14.48249821,9.448230444,Maize,Poaceae,Estival,Subtropical,Media,44.37024235
Field_7,16/1/2023,23.54870209,77.3613415,0.770715253,0.703479054,-0.703479054,1.155932937,7.270437606,14.41205366,9.467045998,Maize,Poaceae,Estival,Subtropical,Media,43.99466541
Field_7,31/1/2023,23.54870209,77.3613415,0.683767701,0.595254919,-0.595254919,1.025534517,13.68481938,10.76787097,8.944914374,Maize,Poaceae,Estival,Subtropical,Media,43.16004999
Field_7,15/2/2023,23.54870209,77.3613415,0.78682436,0.7415597,-0.7415597,1.180092684,5.161353119,12.33596592,9.521611105,Maize,Poaceae,Estival,Subtropical,Media,43.87990579
Field_7,3/2/2023,23.54870209,77.3613415,0.668760623,0.667731553,-0.667731553,1.003019137,10.13711104,5.979251707,8.6401024,Maize,Poaceae,Estival,Subtropical,Media,41.44908837
Field_7,17/3/2023,23.54870209,77.3613415,0.552288135,0.575828319,-0.575828319,0.828311108,16.01961073,25.37069921,15.1540472,Maize,Poaceae,Estival,Subtropical,Media,52.00697346
Field_7,4/1/2023,23.54870209,77.3613415,0.23446658,0.356228754,-0.356228754,0.351653205,30.47919582,5.986267313,5.491319437,Maize,Poaceae,Estival,Subtropical,Media,29.55581862
Field_7,16/4/2023,23.54870209,77.3613415,0.188242923,0.305727842,-0.305727842,0.282329509,33.53006951,28.00610409,5.196856016,Maize,Poaceae,Estival,Subtropical,Media,28.5647128
Field_7,5/1/2023,23.54870209,77.3613415,0.229678587,0.319827656,-0.319827656,0.344472275,32.38689415,6.819805005,13.23674224,Maize,Poaceae,Estival,Subtropical,Media,42.50279034
Field_7,16/5/2023,23.54870209,77.3613415,0.19904739,0.285454825,-0.285454825,0.29852457,34.45495368,21.56425448,12.75506406,Maize,Poaceae,Estival,Subtropical,Media,41.58471338
Field_7,31/5/2023,23.54870209,77.3613415,0.217402694,0.321227035,-0.321227035,0.32605609,32.44080792,12.97547015,5.420761109,Maize,Poaceae,Estival,Subtropical,Media,29.45149169
Field_7,15/6/2023,23.54870209,77.3613415,0.1818548,0.294370098,-0.294370098,0.272742058,34.17528663,34.69150333,5.16675113,Maize,Poaceae,Estival,Subtropical,Media,28.49168395
Field_7,29/8/2023,23.54870209,77.3613415,0.773158143,0.707907764,-0.707907764,1.159623042,7.019339401,30.22474509,16.21900755,Maize,Poaceae,Estival,Subtropical,Media,58.08923334
Field_7,13/9/2023,23.54870209,77.3613415,0.773158143,0.707907764,-0.707907764,1.159623042,7.019339401,19.23056862,16.70068574,Maize,Poaceae,Estival,Subtropical,Media,58.36048335
Field_7,13/10/2023,23.54870209,77.3613415,0.39423399,0.461598503,-0.461598503,0.591264069,23.46687148,11.93705088,6.671054673,Maize,Poaceae,Estival,Subtropical,Media,34.07317458
Field_7,28/10/2023,23.54870209,77.3613415,0.32414572,0.405149443,-0.405149443,0.486136815,27.06520986,18.25045189,6.178087158,Maize,Poaceae,Estival,Subtropical,Media,32.25788604
Field_7,11/12/2023,23.54870209,77.3613415,0.371031134,0.475474527,-0.475474527,0.556435399,22.99526886,8.183966457,13.89622741,Maize,Poaceae,Estival,Subtropical,Media,45.8829828
Field_7,27/11/2023,23.54870209,77.3613415,0.379447501,0.39820159,-0.39820159,0.569076734,26.85520746,13.19203159,7.871487018,Maize,Poaceae,Estival,Subtropical,Media,44.93360776
Field_7,12/12/2023,23.54870209,77.3613415,0.669679027,0.574558331,-0.574558331,1.004380151,14.88556346,11.99251511,8.867770603,Maize,Poaceae,Estival,Subtropical,Media,42.94096344
Field_7,27/12/2023,23.54870209,77.3613415,0.669679027,0.574558331,-0.574558331,1.004380151,14.88556346,11.94041564,8.867770603,Maize,Poaceae,Estival,Subtropical,Media,42.94096344
Field_8,1/1/2023,15.17150083,75.82808825,0.326479626,0.42268151,-0.42268151,0.489645494,26.14611,21.4186911,6.157390048,Maize,Poaceae,Estival,Subtropical,Media,32.07009757
Field_8,16/1/2023,15.17150083,75.82808825,0.320010118,0.458136494,-0.458136494,0.47994592,24.40169586,23.17752637,12.99119926,Maize,Poaceae,Estival,Subtropical,Media,43.68168463
Field_8,31/1/2023,15.17150083,75.82808825,0.2788471,0.414264912,-0.414264912,0.418210248,27.0623633,20.62948484,5.750974082,Maize,Poaceae,Estival,Subtropical,Media,30.35913596
Field_8,15/2/2023,15.17150083,75.82808825,0.279485097,0.4311989,-0.4311989,0.419172337,26.19112406,25.0657269,5.717106085,Maize,Poaceae,Estival,Subtropical,Media,30.11918403
Field_8,3/2/2023,15.17150083,75.82808825,0.27436763,0.431399129,-0.431399129,0.411500597,26.23316352,17.5463765,5.671007977,Maize,Poaceae,Estival,Subtropical,Media,29.92096286
Field_8,17/3/2023,15.17150083,75.82808825,0.231650821,0.387156783,-0.387156783,0.347430209,28.92863251,21.55383881,5.393478556,Maize,Poaceae,Estival,Subtropical,Media,28.96115513
Field_8,4/1/2023,15.17150083,75.82808825,0.221793112,0.389083678,-0.389083678,0.332648799,28.93091237,17.76317655,5.300341564,Maize,Poaceae,Estival,Subtropical,Media,28.55428011
Field_8,16/4/2023,15.17150083,75.82808825,0.213143222,0.392511307,-0.392511307,0.319680212,28.84422285,23.76538371,5.21567157,Maize,Poaceae,Estival,Subtropical,Media,28.16827048
Field_8,5/1/2023,15.17150083,75.82808825,0.066829053,0.093085181,-0.093085181,0.100231307,45.62851775,20.38358033,4.611692287,Maize,Poaceae,Estival,Subtropical,Media,29.62884747
Field_8,16/5/2023,15.17150083,75.82808825,0.202823854,0.393883743,-0.393883743,0.304203517,28.87953068,38.09060325,5.119712245,Maize,Poaceae,Estival,Subtropical,Media,27.75096277
Field_8,31/5/2023,15.17150083,75.82808825,0.187829785,0.37315718,-0.37315718,0.281715014,30.0910521,30.46293682,10.37019259,Maize,Poaceae,Estival,Subtropical,Media,28.02221278
Field_8,13/10/2023,15.17150083,75.82808825,0.600550598,0.592059602,-0.592059602,0.900724571,14.69787199,39.72765406,15.86809747,Maize,Poaceae,Estival,Subtropical,Media,54.01005047
Field_8,28/10/2023,15.17150083,75.82808825,0.326504803,0.397942506,-0.397942506,0.489708003,27.40913453,24.27023032,6.215718266,Maize,Poaceae,Estival,Subtropical,Media,32.45610721
Field_8,11/12/2023,15.17150083,75.82808825,0.329842604,0.40207887,-0.40207887,0.494685874,27.16382519,19.07415708,13.27719568,Maize,Poaceae,Estival,Subtropical,Media,45.10053084
Field_8,27/11/2023,15.17150083,75.82808825,0.338060403,0.449166417,-0.449166417,0.507011967,24.67540187,29.39259057,6.198784267,Maize,Poaceae,Estival,Subtropical,Media,32.10139565
Field_8,12/12/2023,15.17150083,75.82808825,0.317818615,0.418534164,-0.418534164,0.476659077,26.44634545,15.53484293,6.089654054,Maize,Poaceae,Estival,Subtropical,Media,31.79884756
Field_8,27/12/2023,15.17150083,75.82808825,0.288806183,0.418179605,-0.418179605,0.433148215,26.7607511,20.80115625,5.830940186,Maize,Poaceae,Estival,Subtropical,Media,30.68254943
Field_9,16/1/2023,25.5450625,84.97383098,0.383495926,0.385259925,-0.385259925,0.575149001,27.47471941,14.65802682,14.19163161,Maize,Poaceae,Estival,Subtropical,Media,47.93822328
Field_9,31/1/2023,25.5450625,84.97383098,0.376542965,0.324264212,-0.324264212,0.564732384,30.66043681,12.58819336,6.83569077,Maize,Poaceae,Estival,Subtropical,Media,35.54418427
Field_9,15/2/2023,25.5450625,84.97383098,0.633705237,0.627633275,-0.627633275,0.950407267,12.54272064,14.39035038,8.420901195,Maize,Poaceae,Estival,Subtropical,Media,40.71879988
Field_9,3/2/2023,25.5450625,84.97383098,0.611699534,0.589051664,-0.589051664,0.917413179,14.73760777,8.941489762,14.98282566,Maize,Poaceae,Estival,Subtropical,Media,53.99961777
Field_9,17/3/2023,25.5450625,84.97383098,0.543902705,0.545733824,-0.545733824,0.815745606,17.64200652,16.44350385,14.46445714,Maize,Poaceae,Estival,Subtropical,Media,51.77745421
Field_9,4/1/2023,25.5450625,84.97383098,0.362210366,0.448770759,-0.448770759,0.543229865,24.44896539,8.914717125,6.415163138,Maize,Poaceae,Estival,Subtropical,Media,33.040338
Field_9,16/4/2023,25.5450625,84.97383098,0.263412022,0.383564838,-0.383564838,0.395067474,28.78767974,19.76316407,5.686060421,Maize,Poaceae,Estival,Subtropical,Media,30.24437634
Field_9,5/1/2023,25.5450625,84.97383098,0.321281709,0.388084205,-0.388084205,0.481859569,27.96588529,13.99049495,13.2555578,Maize,Poaceae,Estival,Subtropical,Media,44.97533853
Field_9,16/5/2023,25.5450625,84.97383098,0.307265309,0.395098731,-0.395098731,0.460839763,27.75084067,20.25557495,6.050141391,Maize,Poaceae,Estival,Subtropical,Media,31.75711679
Field_9,31/5/2023,25.5450625,84.97383098,0.305885982,0.387500077,-0.387500077,0.458772103,28.15294806,21.66282371,6.055786057,Maize,Poaceae,Estival,Subtropical,Media,31.83014564
Field_9,15/6/2023,25.5450625,84.97383098,0.285185327,0.407479753,-0.407479753,0.427726171,27.34411163,27.23500446,13.09468481,Maize,Poaceae,Estival,Subtropical,Media,43.19134807
Field_9,29/8/2023,25.5450625,84.97383098,0.677957346,0.593383751,-0.593383751,1.016812084,13.83970982,26.90717088,15.70346137,Maize,Poaceae,Estival,Subtropical,Media,56.88947367
Field_9,28/9/2023,25.5450625,84.97383098,0.682561923,0.584518154,-0.584518154,1.023719757,14.24539995,24.8127179,16.12587056,Maize,Poaceae,Estival,Subtropical,Media,57.44240639
Field_9,13/10/2023,25.5450625,84.97383098,0.699194144,0.632071335,-0.632071335,1.048645779,11.64726395,15.10279495,8.99571637,Maize,Poaceae,Estival,Subtropical,Media,43.18091537
Field_9,28/10/2023,25.5450625,84.97383098,0.590777535,0.567623835,-0.567623835,0.886045156,16.04548014,10.87413897,14.83794589,Maize,Poaceae,Estival,Subtropical,Media,53.44668506
Field_9,11/12/2023,25.5450625,84.97383098,0.465109249,0.487582483,-0.487582483,0.697555671,21.41617581,10.12380438,7.243988292,Maize,Poaceae,Estival,Subtropical,Media,36.41009777
Field_9,27/11/2023,25.5450625,84.97383098,0.40752919,0.46147401,-0.46147401,0.611205835,23.33744642,22.49293702,14.29041327,Maize,Poaceae,Estival,Subtropical,Media,47.72956942
Field_9,12/12/2023,25.5450625,84.97383098,0.337189696,0.362113607,-0.362113607,0.50571222,29.12959129,7.031918516,13.23297913,Maize,Poaceae,Estival,Subtropical,Media,45.98730973
Field_9,27/12/2023,25.5450625,84.97383098,0.368316561,0.369377014,-0.369377014,0.552405914,28.4407952,5.746996227,13.82755064,Maize,Poaceae,Estival,Subtropical,Media,47.40615594
Field_10,1/1/2023,26.85633861,75.97532686,0.439753752,0.503379965,-0.503379965,0.659537999,20.86843979,6.561077004,6.979629759,Bajra,Poaceae,Estival,Tropical seco,Baja,35.17904002
Field_10,16/1/2023,26.85633861,75.97532686,0.429723908,0.50239175,-0.50239175,0.644498647,21.02133591,13.92667068,6.892137432,Bajra,Poaceae,Estival,Tropical seco,Baja,34.80346308
Field_10,31/1/2023,26.85633861,75.97532686,0.408194911,0.480824532,-0.480824532,0.612199555,22.34252525,14.88110693,13.89340508,Bajra,Poaceae,Estival,Tropical seco,Baja,47.22880017
Field_10,15/2/2023,26.85633861,75.97532686,0.392601567,0.477070028,-0.477070028,0.588818028,22.69349952,12.02035186,6.620252677,Bajra,Poaceae,Estival,Tropical seco,Baja,33.77062649
Field_10,3/2/2023,26.85633861,75.97532686,0.382015999,0.466429055,-0.466429055,0.57294487,23.34498317,13.80872842,6.550635127,Bajra,Poaceae,Estival,Tropical seco,Baja,33.53067456
Field_10,17/3/2023,26.85633861,75.97532686,0.285649333,0.335257037,-0.335257037,0.42842417,31.02738033,29.15834346,4.511969851,Bajra,Poaceae,Estival,Tropical seco,Baja,42.29413649
Field_10,4/1/2023,26.85633861,75.97532686,0.355368797,0.432258533,-0.432258533,0.53298311,25.36202389,5.160529177,6.392584474,Bajra,Poaceae,Estival,Tropical seco,Baja,33.02990531
Field_10,16/4/2023,26.85633861,75.97532686,0.320659078,0.415726626,-0.415726626,0.48093072,26.56070131,12.7636022,6.121640496,Bajra,Poaceae,Estival,Tropical seco,Baja,31.95533795
Field_10,5/1/2023,26.85633861,75.97532686,0.320632719,0.405389572,-0.405389572,0.480897202,27.08882566,5.962621378,6.146100716,Bajra,Poaceae,Estival,Tropical seco,Baja,32.11182834
Field_10,16/5/2023,26.85633861,75.97532686,0.2755857,0.361198399,-0.361198399,0.413334681,29.80547964,18.61739075,5.846933407,Bajra,Poaceae,Estival,Tropical seco,Baja,31.06855907
Field_10,31/5/2023,26.85633861,75.97532686,0.338486855,0.394072126,-0.394072126,0.50767818,27.48440187,14.8161351,6.331433923,Bajra,Poaceae,Estival,Tropical seco,Baja,32.97774184
Field_10,15/6/2023,26.85633861,75.97532686,0.327363763,0.38893775,-0.38893775,0.490994802,27.86018432,34.58961883,6.244882375,Bajra,Poaceae,Estival,Tropical seco,Baja,32.63346298
Field_10,14/8/2023,26.85633861,75.97532686,0.502942637,0.499141745,-0.499141745,0.754331429,20.43952171,25.50778505,14.33745215,Bajra,Poaceae,Estival,Tropical seco,Baja,50.84894456
Field_10,29/8/2023,26.85633861,75.97532686,0.450003299,0.471689731,-0.471689731,0.674926047,22.38200434,32.47653256,7.146147411,Bajra,Poaceae,Estival,Tropical seco,Baja,36.0658189
Field_10,13/9/2023,26.85633861,75.97532686,0.530284591,0.540468636,-0.540468636,0.795312249,18.04995011,21.67641781,15.02516065,Bajra,Poaceae,Estival,Tropical seco,Baja,51.64182921
Field_10,28/9/2023,26.85633861,75.97532686,0.478895431,0.493908472,-0.493908472,0.718252852,20.95234659,22.06702864,7.352177728,Bajra,Poaceae,Estival,Tropical seco,Baja,36.83783817
Field_10,13/10/2023,26.85633861,75.97532686,0.455768851,0.49497185,-0.49497185,0.683567546,21.13423471,12.3835119,7.142384301,Bajra,Poaceae,Estival,Tropical seco,Baja,35.9301939
Field_10,28/10/2023,26.85633861,75.97532686,0.404769654,0.459241222,-0.459241222,0.607078509,23.47964511,17.57342934,14.18128305,Bajra,Poaceae,Estival,Tropical seco,Baja,47.59394441
Field_10,11/12/2023,26.85633861,75.97532686,0.440399377,0.483777421,-0.483777421,0.660519224,21.86283771,9.443800814,7.031372532,Bajra,Poaceae,Estival,Tropical seco,Baja,35.51288619
Field_10,27/11/2023,26.85633861,75.97532686,0.055210932,0.005880251,-0.005880251,0.082796429,50.200237,11.0786418,11.96763313,Bajra,Poaceae,Estival,Tropical seco,Baja,42.88879998
Field_10,12/12/2023,26.85633861,75.97532686,0.424612495,0.48470377,-0.48470377,0.636827586,21.9767637,7.577559516,6.888374322,Bajra,Poaceae,Estival,Tropical seco,Baja,34.88692462
Field_10,27/12/2023,26.85633861,75.97532686,0.435597001,0.496051461,-0.496051461,0.653304852,21.28511764,14.52522066,6.959873427,Bajra,Poaceae,Estival,Tropical seco,Baja,35.13730925
Field_11,1/1/2023,22.34393983,73.23452663,0.348853721,0.420595835,-0.420595835,0.523189469,26.02410988,9.952262294,6.362479587,Bajra,Poaceae,Estival,Tropical seco,Baja,32.96730915
Field_11,16/1/2023,22.34393983,73.23452663,0.320017816,0.418297669,-0.418297669,0.479949873,26.43596173,6.819327897,6.109410386,Bajra,Poaceae,Estival,Tropical seco,Baja,31.8927418
Field_11,31/1/2023,22.34393983,73.23452663,0.307958032,0.421691892,-0.421691892,0.461859286,26.38580293,7.639494465,13.06363915,Bajra,Poaceae,Estival,Tropical seco,Baja,43.82774232
Field_11,15/2/2023,22.34393983,73.23452663,0.281332334,0.4026758,-0.4026758,0.421931826,27.62877258,14.5480559,5.8008353,Bajra,Poaceae,Estival,Tropical seco,Baja,30.64081866
Field_11,3/2/2023,22.34393983,73.23452663,0.238323811,0.335947525,-0.335947525,0.357432757,31.47545062,5.945272768,5.573167097,Bajra,Poaceae,Estival,Tropical seco,Baja,30.02528979
Field_11,17/3/2023,22.34393983,73.23452663,0.269072172,0.393054663,-0.393054663,0.403545476,28.24528139,21.87430552,13.14078292,Bajra,Poaceae,Estival,Tropical seco,Baja,42.81577113
Field_11,4/1/2023,22.34393983,73.23452663,0.235097281,0.356107502,-0.356107502,0.352595331,30.47894621,10.15093566,5.496964103,Bajra,Poaceae,Estival,Tropical seco,Baja,29.58711669
Field_11,16/4/2023,22.34393983,73.23452663,0.213200007,0.332477618,-0.332477618,0.319757112,31.90922547,10.89918577,5.356788226,Bajra,Poaceae,Estival,Tropical seco,Baja,29.10721283
Field_11,5/1/2023,22.34393983,73.23452663,0.186362636,0.307059518,-0.307059518,0.279509298,33.48127145,13.86017377,5.177099685,Bajra,Poaceae,Estival,Tropical seco,Baja,28.47081857
Field_11,16/5/2023,22.34393983,73.23452663,0.197557902,0.323380355,-0.323380355,0.296299793,32.53352231,27.37198259,12.58102019,Bajra,Poaceae,Estival,Tropical seco,Baja,40.84399219
Field_11,31/5/2023,22.34393983,73.23452663,0.205717001,0.334771104,-0.334771104,0.308536633,31.86853307,13.42859378,5.284348343,Bajra,Poaceae,Estival,Tropical seco,Baja,28.78379935
Field_11,15/6/2023,22.34393983,73.23452663,0.177704952,0.294530772,-0.294530772,0.266525543,34.20946383,33.99320385,5.129120022,Bajra,Poaceae,Estival,Tropical seco,Baja,28.33519356
Field_11,28/9/2023,22.34393983,73.23452663,0.517171895,0.473607677,-0.473607677,0.775648226,21.59808121,27.06479899,3.25226851,Bajra,Poaceae,Estival,Tropical seco,Baja,49.06495409
Field_11,13/10/2023,22.34393983,73.23452663,0.482573213,0.446087819,-0.446087819,0.723750778,23.35671742,12.29878792,7.497057494,Bajra,Poaceae,Estival,Tropical seco,Baja,37.72461705
Field_11,28/10/2023,22.34393983,73.23452663,0.471378934,0.48534004,-0.48534004,0.706956623,21.46665321,16.77459935,7.305138843,Bajra,Poaceae,Estival,Tropical seco,Baja,36.68134778
Field_11,11/12/2023,22.34393983,73.23452663,0.42125248,0.476867678,-0.476867678,0.631783593,22.41122419,6.587928567,6.877084989,Bajra,Poaceae,Estival,Tropical seco,Baja,34.87649193
Field_11,27/11/2023,22.34393983,73.23452663,0.458885941,0.53258958,-0.53258958,0.688214709,19.18147455,28.36718048,13.71183498,Bajra,Poaceae,Estival,Tropical seco,Baja,48.28250214
Field_11,12/12/2023,22.34393983,73.23452663,0.423232329,0.452230642,-0.452230642,0.634743576,23.64907901,14.31080081,6.952347205,Bajra,Poaceae,Estival,Tropical seco,Baja,35.3459631
Field_11,27/12/2023,22.34393983,73.23452663,0.3775264,0.423566848,-0.423566848,0.566190708,25.57956654,12.68602286,6.611785678,Bajra,Poaceae,Estival,Tropical seco,Baja,34.02101112
Field_12,16/1/2023,27.48970503,80.61771069,0.503528472,0.482152029,-0.482152029,0.755169738,21.30110779,13.94825115,14.39389881,Bajra,Poaceae,Estival,Tropical seco,Baja,51.17235803
Field_12,31/1/2023,27.48970503,80.61771069,0.574534762,0.529761134,-0.529761134,0.86164245,18.14480051,12.84425055,8.122674664,Bajra,Poaceae,Estival,Tropical seco,Baja,39.967646
Field_12,15/2/2023,27.48970503,80.61771069,0.629202597,0.632432267,-0.632432267,0.943628053,12.34364801,5.475853826,8.369158422,Bajra,Poaceae,Estival,Tropical seco,Baja,40.46841525
Field_12,3/2/2023,27.48970503,80.61771069,0.546770345,0.538990294,-0.538990294,0.820025168,17.95707377,6.794317571,7.852671464,Bajra,Poaceae,Estival,Tropical seco,Baja,38.75745364
Field_12,17/3/2023,27.48970503,80.61771069,0.554802773,0.570544692,-0.570544692,0.832052557,16.26373411,15.51617808,14.61780391,Bajra,Poaceae,Estival,Tropical seco,Baja,51.89221384
Field_12,4/1/2023,27.48970503,80.61771069,0.391698173,0.414034446,-0.414034446,0.587463863,25.9215981,5.559848323,3.17042085,Bajra,Poaceae,Estival,Tropical seco,Baja,34.72000154
Field_12,16/4/2023,27.48970503,80.61771069,0.314092666,0.378680774,-0.378680774,0.471079923,28.51948637,18.98904676,6.149863827,Bajra,Poaceae,Estival,Tropical seco,Baja,32.27875143
Field_12,5/1/2023,27.48970503,80.61771069,0.387727659,0.439968985,-0.439968985,0.581509787,24.63781753,4.575440915,14.18598694,Bajra,Poaceae,Estival,Tropical seco,Baja,47.24966555
Field_12,16/5/2023,27.48970503,80.61771069,0.380209824,0.449426309,-0.449426309,0.570247136,24.23166391,11.39380784,6.57415457,Bajra,Poaceae,Estival,Tropical seco,Baja,33.72889572
Field_12,31/5/2023,27.48970503,80.61771069,0.387034846,0.41597692,-0.41597692,0.580487715,25.87003286,20.70938366,6.714330447,Bajra,Poaceae,Estival,Tropical seco,Baja,34.51134768
Field_12,15/6/2023,27.48970503,80.61771069,0.376104138,0.404766895,-0.404766895,0.564094625,26.55409966,32.06859906,6.642831342,Bajra,Poaceae,Estival,Tropical seco,Baja,34.26096305
Field_12,29/8/2023,27.48970503,80.61771069,0.725496246,0.664270709,-0.664270709,1.088116732,9.734403103,26.58268642,15.78530903,Bajra,Poaceae,Estival,Tropical seco,Baja,57.66149294
Field_12,13/9/2023,27.48970503,80.61771069,0.746429419,0.667585989,-0.667585989,1.119502936,9.351322548,18.45943763,16.42974176,Bajra,Poaceae,Estival,Tropical seco,Baja,58.77779106
Field_12,28/9/2023,27.48970503,80.61771069,0.734022659,0.663564562,-0.663564562,1.100889761,9.683382861,21.95912835,9.232792351,Bajra,Poaceae,Estival,Tropical seco,Baja,44.03639618
Field_12,13/10/2023,27.48970503,80.61771069,0.675554205,0.638642043,-0.638642043,1.013198341,11.55316655,10.25487561,8.768988945,Bajra,Poaceae,Estival,Tropical seco,Baja,42.16894417
Field_12,28/10/2023,27.48970503,80.61771069,0.598227013,0.572589836,-0.572589836,0.897215973,15.71581385,26.61227475,8.233686433,Bajra,Poaceae,Estival,Tropical seco,Baja,40.21803063
Field_12,11/12/2023,27.48970503,80.61771069,0.614748367,0.590461107,-0.590461107,0.92197184,14.63449815,5.052100514,15.42499117,Bajra,Poaceae,Estival,Tropical seco,Baja,54.34389664
Field_12,27/11/2023,27.48970503,80.61771069,0.492127945,0.469673508,-0.469673508,0.738091096,22.05474778,10.16892947,14.2932356,Bajra,Poaceae,Estival,Tropical seco,Baja,50.86980994
Field_12,12/12/2023,27.48970503,80.61771069,0.60342497,0.581088701,-0.581088701,0.904994151,15.22873856,10.62714377,8.260028209,Bajra,Poaceae,Estival,Tropical seco,Baja,40.28062678
Field_12,27/12/2023,27.48970503,80.61771069,0.537650408,0.520658651,-0.520658651,0.806340332,18.98630835,6.645296239,15.28105219,Bajra,Poaceae,Estival,Tropical seco,Baja,52.3721177
Field_13,1/1/2023,19.09470733,74.86794962,0.56639063,0.571294732,-0.571294732,0.849443531,16.10708846,16.65171122,7.951453123,Jowar,Poaceae,Estival,Tropical seco,Baja,39.00783826
Field_13,16/1/2023,19.09470733,74.86794962,0.607745582,0.623434253,-0.623434253,0.911464645,13.02226372,18.27255645,8.198877658,Jowar,Poaceae,Estival,Tropical seco,Baja,39.79029022
Field_13,31/1/2023,19.09470733,74.86794962,0.600683858,0.615748418,-0.615748418,0.900880629,13.48685657,16.9444557,8.153720329,Jowar,Poaceae,Estival,Tropical seco,Baja,39.63379983
Field_13,15/2/2023,19.09470733,74.86794962,0.526880769,0.573472521,-0.573472521,0.790199508,16.39939032,18.86766449,7.593957597,Jowar,Poaceae,Estival,Tropical seco,Baja,37.44293435
Field_13,3/2/2023,19.09470733,74.86794962,0.386529409,0.435173204,-0.435173204,0.579710363,24.89494865,16.18961622,6.664469229,Jowar,Poaceae,Estival,Tropical seco,Baja,34.18793421
Field_13,17/3/2023,19.09470733,74.86794962,0.381094485,0.467436747,-0.467436747,0.57155517,23.30293734,28.99725455,13.38162201,Jowar,Poaceae,Estival,Tropical seco,Baja,46.11250204
Field_13,4/1/2023,19.09470733,74.86794962,0.30404324,0.397915849,-0.397915849,0.456001916,27.63989287,21.57792987,6.015332616,Jowar,Poaceae,Estival,Tropical seco,Baja,31.59019371
Field_13,16/4/2023,19.09470733,74.86794962,0.256122604,0.346866205,-0.346866205,0.384128226,30.73611825,23.93468204,5.70675753,Jowar,Poaceae,Estival,Tropical seco,Baja,30.53649174
Field_13,5/1/2023,19.09470733,74.86794962,0.258710448,0.379369782,-0.379369782,0.388009147,29.04991425,20.44505811,5.653133201,Jowar,Poaceae,Estival,Tropical seco,Baja,30.12961672
Field_13,16/5/2023,19.09470733,74.86794962,0.229538279,0.332608141,-0.332608141,0.344258142,31.73569969,35.70642373,5.502608769,Jowar,Poaceae,Estival,Tropical seco,Baja,29.73317439
Field_13,31/5/2023,19.09470733,74.86794962,0.19623866,0.307956986,-0.307956986,0.294313433,33.33458023,34.59810853,5.262710455,Jowar,Poaceae,Estival,Tropical seco,Baja,28.83596281
Field_13,15/6/2023,19.09470733,74.86794962,0.192551597,0.305755584,-0.305755584,0.288780032,33.48464896,42.03176011,5.235427902,Jowar,Poaceae,Estival,Tropical seco,Baja,28.73163589
Field_13,28/9/2023,19.09470733,74.86794962,0.362769404,0.356307209,-0.356307209,0.544084314,29.16484901,37.78684419,31.69668228,Jowar,Poaceae,Estival,Tropical seco,Baja,57.29634869
Field_13,13/10/2023,19.09470733,74.86794962,0.423365288,0.495781685,-0.495781685,0.634946472,21.42381453,39.20470642,6.851683991,Jowar,Poaceae,Estival,Tropical seco,Baja,34.66783807
Field_13,28/10/2023,19.09470733,74.86794962,0.378480447,0.47269244,-0.47269244,0.567623513,23.06125551,31.09460172,6.50453702,Jowar,Poaceae,Estival,Tropical seco,Baja,33.29072263
Field_13,11/12/2023,19.09470733,74.86794962,0.462701401,0.537035842,-0.537035842,0.693926383,18.9154622,18.8705507,14.05427806,Jowar,Poaceae,Estival,Tropical seco,Baja,48.54331946
Field_13,27/11/2023,19.09470733,74.86794962,0.467937157,0.511525363,-0.511525363,0.701792525,20.16466662,36.72573166,14.13142184,Jowar,Poaceae,Estival,Tropical seco,Baja,49.19014641
Field_13,12/12/2023,19.09470733,74.86794962,0.639214627,0.599572656,-0.599572656,0.958677091,13.91935175,15.15702595,8.536616853,Jowar,Poaceae,Estival,Tropical seco,Baja,41.37605952
Field_13,27/12/2023,19.09470733,74.86794962,0.671619641,0.637919762,-0.637919762,1.00727588,11.63023262,15.29934065,8.736061725,Jowar,Poaceae,Estival,Tropical seco,Baja,42.02288648
Field_14,1/1/2023,12.90677064,77.65434998,0.573126633,0.536932584,-0.536932584,0.859538427,17.79297599,15.5247279,8.092569778,Jowar,Poaceae,Estival,Tropical seco,Baja,39.80072292
Field_14,16/1/2023,12.90677064,77.65434998,0.587493486,0.559796214,-0.559796214,0.881068808,16.47873223,15.98493079,8.167831994,Jowar,Poaceae,Estival,Tropical seco,Baja,39.99894408
Field_14,31/1/2023,12.90677064,77.65434998,0.553098325,0.534917705,-0.534917705,0.829478708,18.10041111,18.76333525,14.59804758,Jowar,Poaceae,Estival,Tropical seco,Baja,52.3721177
Field_14,15/2/2023,12.90677064,77.65434998,0.508276615,0.517413466,-0.517413466,0.762258148,19.45201255,19.17070176,7.559148822,Jowar,Poaceae,Estival,Tropical seco,Baja,37.60985743
Field_14,3/2/2023,12.90677064,77.65434998,0.504559449,0.555546934,-0.555546934,0.75666929,17.54271392,20.12364947,7.435906943,Jowar,Poaceae,Estival,Tropical seco,Baja,36.86913625
Field_14,17/3/2023,12.90677064,77.65434998,0.448766102,0.491151859,-0.491151859,0.67299291,21.40081835,33.04913,14.50773292,Jowar,Poaceae,Estival,Tropical seco,Baja,48.98149255
Field_14,4/1/2023,12.90677064,77.65434998,0.285805692,0.256603927,-0.256603927,0.428606164,35.04215503,19.15581611,6.184672602,Jowar,Poaceae,Estival,Tropical seco,Baja,33.10293416
Field_14,16/4/2023,12.90677064,77.65434998,0.49203318,0.487944881,-0.487944881,0.737918813,21.12269943,29.94406359,7.482945828,Jowar,Poaceae,Estival,Tropical seco,Baja,37.44293435
Field_14,5/1/2023,12.90677064,77.65434998,0.115039883,0.07334696,-0.07334696,0.172538552,46.14406644,17.84080685,15.2509473,Jowar,Poaceae,Estival,Tropical seco,Baja,43.46259808
Field_14,16/5/2023,12.90677064,77.65434998,0.540012024,0.478411325,-0.478411325,0.809905145,21.11952257,23.20584232,7.934519124,Jowar,Poaceae,Estival,Tropical seco,Baja,39.43557867
Field_14,31/5/2023,12.90677064,77.65434998,0.650946868,0.574030582,-0.574030582,0.976291611,15.10382182,33.74453503,17.0356026,Jowar,Poaceae,Estival,Tropical seco,Baja,46.4567809
Field_14,14/8/2023,12.90677064,77.65434998,0.592800168,0.534013883,-0.534013883,0.889089066,17.74109429,37.41302639,2.862786542,Jowar,Poaceae,Estival,Tropical seco,Baja,51.03673303
Field_14,13/10/2023,12.90677064,77.65434998,0.702098914,0.622663142,-0.622663142,1.052988824,12.09802132,39.03281312,9.043696033,Jowar,Poaceae,Estival,Tropical seco,Baja,43.44173269
Field_14,28/10/2023,12.90677064,77.65434998,0.641990714,0.570406049,-0.570406049,0.962836607,15.38037437,38.39194607,15.99886557,Jowar,Poaceae,Estival,Tropical seco,Baja,56.02356017
Field_14,11/12/2023,12.90677064,77.65434998,0.590438611,0.538811155,-0.538811155,0.885512002,17.52024289,16.61562116,14.99223343,Jowar,Poaceae,Estival,Tropical seco,Baja,53.9683197
Field_14,27/11/2023,12.90677064,77.65434998,0.590438611,0.538811155,-0.538811155,0.885512002,17.52024289,35.38840191,15.1371132,Jowar,Poaceae,Estival,Tropical seco,Baja,54.05178124
Field_15,1/1/2023,23.40625179,77.319258,0.647569313,0.564916801,-0.564916801,0.971227727,15.60370587,8.708406984,8.692785951,Jowar,Poaceae,Estival,Tropical seco,Baja,42.24197302
Field_15,16/1/2023,23.40625179,77.319258,0.736234998,0.671231442,-0.671231442,1.104212967,9.269284135,13.88113993,9.234673906,Jowar,Poaceae,Estival,Tropical seco,Baja,43.99466541
Field_15,31/1/2023,23.40625179,77.319258,0.6132624,0.519839242,-0.519839242,0.919785252,18.25593524,6.902334145,8.491459523,Jowar,Poaceae,Estival,Tropical seco,Baja,41.61601146
Field_15,15/2/2023,23.40625179,77.319258,0.77495036,0.719711744,-0.719711744,1.162265387,6.398272897,14.5673042,9.467045998,Jowar,Poaceae,Estival,Tropical seco,Baja,43.84860771
Field_15,3/2/2023,23.40625179,77.319258,0.640666946,0.638514905,-0.638514905,0.960872372,11.91595799,5.552405317,8.457591526,Jowar,Poaceae,Estival,Tropical seco,Baja,40.82312681
Field_15,17/3/2023,23.40625179,77.319258,0.334488658,0.396409291,-0.396409291,0.501656842,27.40588912,18.92926495,3.145019852,Jowar,Poaceae,Estival,Tropical seco,Baja,43.22264614
Field_15,4/1/2023,23.40625179,77.319258,0.238184666,0.347422199,-0.347422199,0.357228534,30.89092466,11.53131002,5.544943766,Jowar,Poaceae,Estival,Tropical seco,Baja,29.83750132
Field_15,16/4/2023,23.40625179,77.319258,0.176887371,0.288078405,-0.288078405,0.265294408,34.5472997,20.69662,5.136646244,Jowar,Poaceae,Estival,Tropical seco,Baja,28.39778972
Field_15,5/1/2023,23.40625179,77.319258,0.167190411,0.271078309,-0.271078309,0.250744863,35.51443276,5.268948061,5.090548136,Jowar,Poaceae,Estival,Tropical seco,Baja,28.29346279
Field_15,16/5/2023,23.40625179,77.319258,0.052987715,0.081430889,-0.081430889,0.079468977,46.36499667,22.10898786,11.25264207,Jowar,Poaceae,Estival,Tropical seco,Baja,41.31346337
Field_15,31/5/2023,23.40625179,77.319258,0.154546265,0.275631136,-0.275631136,0.231772997,35.41107856,22.86914947,4.96636548,Jowar,Poaceae,Estival,Tropical seco,Baja,27.73009738
Field_15,15/6/2023,23.40625179,77.319258,0.129995657,0.264971081,-0.264971081,0.194955879,36.20615987,28.69767763,4.772565274,Jowar,Poaceae,Estival,Tropical seco,Baja,26.95807812
Field_15,29/8/2023,23.40625179,77.319258,0.679253457,0.613310911,-0.613310911,1.018744056,12.80890492,32.34271556,15.48896406,Jowar,Poaceae,Estival,Tropical seco,Baja,56.50346404
Field_15,13/9/2023,23.40625179,77.319258,0.679253457,0.613310911,-0.613310911,1.018744056,12.80890492,12.70457521,16.10987734,Jowar,Poaceae,Estival,Tropical seco,Baja,56.8477429
Field_15,28/9/2023,23.40625179,77.319258,0.486139686,0.444700386,-0.444700386,0.729099893,23.39114186,16.28119646,7.532807046,Jowar,Poaceae,Estival,Tropical seco,Baja,37.89154014
Field_15,13/10/2023,23.40625179,77.319258,0.051613514,0.029760992,-0.029760992,0.077412915,49.01752197,14.21132917,4.624863175,Jowar,Poaceae,Estival,Tropical seco,Baja,30.67211674
Field_15,28/10/2023,23.40625179,77.319258,0.245035471,0.298852934,-0.298852934,0.367535258,33.30111722,25.26438177,5.720869196,Jowar,Poaceae,Estival,Tropical seco,Baja,30.85990521
Field_15,11/12/2023,23.40625179,77.319258,0.198790977,0.276569292,-0.276569292,0.298150545,34.91130655,13.47037337,11.95540302,Jowar,Poaceae,Estival,Tropical seco,Baja,41.2717326
Field_15,27/11/2023,23.40625179,77.319258,0.295759724,0.33699855,-0.33699855,0.443561224,30.83519491,23.59411625,13.33928701,Jowar,Poaceae,Estival,Tropical seco,Baja,44.83971352
Field_15,12/12/2023,23.40625179,77.319258,0.604242378,0.507357331,-0.507357331,0.906213256,18.98543649,10.85074293,8.440657527,Jowar,Poaceae,Estival,Tropical seco,Baja,41.46995376
Field_15,27/12/2023,23.40625179,77.319258,0.686148724,0.594883009,-0.594883009,1.029084467,13.67949361,12.46881267,8.966552262,Jowar,Poaceae,Estival,Tropical seco,Baja,43.25394422
Field_16,1/1/2023,23.3243399,77.39727179,0.455337474,0.425029445,-0.425029445,0.682902806,24.71020521,14.20326407,7.303257287,Soybean,Fabaceae,Estival,Subtropical,Media,37.00476125
Field_16,16/1/2023,23.3243399,77.39727179,0.57017314,0.547864586,-0.547864586,0.855134327,17.26490382,14.93465957,15.02421987,Soybean,Fabaceae,Estival,Subtropical,Media,53.06067543
Field_16,31/1/2023,23.3243399,77.39727179,0.1990409,0.154518263,-0.154518263,0.29852773,41.14121308,10.1536148,12.91687783,Soybean,Fabaceae,Estival,Subtropical,Media,43.7234154
Field_16,15/2/2023,23.3243399,77.39727179,0.62452727,0.603558145,-0.603558145,0.936665262,13.86583543,7.40510073,8.395500197,Soybean,Fabaceae,Estival,Subtropical,Media,40.73966526
Field_16,3/2/2023,23.3243399,77.39727179,0.559982112,0.577340526,-0.577340526,0.839865078,15.86381318,8.235337883,7.879954018,Soybean,Fabaceae,Estival,Subtropical,Media,38.6635594
Field_16,17/3/2023,23.3243399,77.39727179,0.403484961,0.409560909,-0.409560909,0.605131264,26.02965944,18.90883069,14.26313071,Soybean,Fabaceae,Estival,Subtropical,Media,48.37639637
Field_16,4/1/2023,23.3243399,77.39727179,0.294317878,0.35247216,-0.35247216,0.441420029,30.05977015,9.640557062,6.035088947,Soybean,Fabaceae,Estival,Subtropical,Media,31.92403987
Field_16,16/4/2023,23.3243399,77.39727179,0.240340884,0.312124356,-0.312124356,0.360469161,32.67136562,25.86887061,5.647488535,Soybean,Fabaceae,Estival,Subtropical,Media,30.47389558
Field_16,5/1/2023,23.3243399,77.39727179,0.308013191,0.355169732,-0.355169732,0.461956816,29.78215184,6.339653604,6.150804605,Soybean,Fabaceae,Estival,Subtropical,Media,32.41437643
Field_16,16/5/2023,23.3243399,77.39727179,0.112723317,0.093046485,-0.093046485,0.169036623,45.16178136,14.94824139,5.021871364,Soybean,Fabaceae,Estival,Subtropical,Media,29.49322246
Field_16,31/5/2023,23.3243399,77.39727179,0.275169115,0.34164717,-0.34164717,0.41270288,30.80810536,22.02950264,5.889268404,Soybean,Fabaceae,Estival,Subtropical,Media,31.36067446
Field_16,15/6/2023,23.3243399,77.39727179,0.249729038,0.335461237,-0.335461237,0.374544994,31.38380247,34.73535142,5.676652644,Soybean,Fabaceae,Estival,Subtropical,Media,30.47389558
Field_16,29/8/2023,23.3243399,77.39727179,0.363019392,0.340176565,-0.340176565,0.544462863,29.98599708,28.39730252,14.18128305,Soybean,Fabaceae,Estival,Subtropical,Media,47.85476173
Field_16,13/9/2023,23.3243399,77.39727179,0.363019392,0.340176565,-0.340176565,0.544462863,29.98599708,17.70351051,13.3524579,Soybean,Fabaceae,Estival,Subtropical,Media,47.39572325
Field_16,28/9/2023,23.3243399,77.39727179,0.429655497,0.404039387,-0.404039387,0.644391202,26.04433608,19.09323323,7.123568747,Soybean,Fabaceae,Estival,Subtropical,Media,36.34750161
Field_16,13/10/2023,23.3243399,77.39727179,0.26671269,0.250992873,-0.250992873,0.400021051,35.52367438,21.75770122,6.026621948,Soybean,Fabaceae,Estival,Subtropical,Media,32.44567451
Field_16,28/10/2023,23.3243399,77.39727179,0.438597975,0.471736137,-0.471736137,0.65779604,22.49611578,12.83832067,7.043602642,Soybean,Fabaceae,Estival,Subtropical,Media,35.62764581
Field_16,11/12/2023,23.3243399,77.39727179,0.392895962,0.44597305,-0.44597305,0.589247891,24.27844049,12.12602481,13.40984534,Soybean,Fabaceae,Estival,Subtropical,Media,46.91581938
Field_16,27/11/2023,23.3243399,77.39727179,0.340308131,0.381170094,-0.381170094,0.510385399,28.12463554,26.26150303,13.75981464,Soybean,Fabaceae,Estival,Subtropical,Media,46.10206935
Field_16,12/12/2023,23.3243399,77.39727179,0.381195275,0.388168156,-0.388168156,0.571696236,27.34970871,13.8137048,6.727501335,Soybean,Fabaceae,Estival,Subtropical,Media,34.72000154
Field_16,27/12/2023,23.3243399,77.39727179,0.343639594,0.350043285,-0.350043285,0.515384036,29.68008264,8.303676986,6.481017577,Soybean,Fabaceae,Estival,Subtropical,Media,33.86452073
Field_17,1/1/2023,19.09087972,74.68960217,0.523175327,0.54378437,-0.54378437,0.784631186,17.95324024,23.76094249,7.630647927,Soybean,Fabaceae,Estival,Subtropical,Media,37.76634783
Field_17,16/1/2023,19.09087972,74.68960217,0.538829136,0.5684076,-0.5684076,0.808107606,16.53600013,22.93764102,7.712495587,Soybean,Fabaceae,Estival,Subtropical,Media,37.98543437
Field_17,31/1/2023,19.09087972,74.68960217,0.532134226,0.55962984,-0.55962984,0.798070951,17.05260517,20.58563878,7.672982924,Soybean,Fabaceae,Estival,Subtropical,Media,37.86024206
Field_17,15/2/2023,19.09087972,74.68960217,0.48134955,0.540538201,-0.540538201,0.721908317,18.54616521,19.55819966,7.263744624,Soybean,Fabaceae,Estival,Subtropical,Media,36.20144391
Field_17,3/2/2023,19.09087972,74.68960217,0.369898257,0.417879718,-0.417879718,0.55476457,25.94788147,21.8324675,6.556279793,Soybean,Fabaceae,Estival,Subtropical,Media,33.82278996
Field_17,17/3/2023,19.09087972,74.68960217,0.427285071,0.502108327,-0.502108327,0.640824967,21.06071627,39.07088837,13.83131375,Soybean,Fabaceae,Estival,Subtropical,Media,47.60437711
Field_17,4/1/2023,19.09087972,74.68960217,0.337500354,0.412268809,-0.412268809,0.506176208,26.56527472,21.9341582,6.280631927,Soybean,Fabaceae,Estival,Subtropical,Media,32.65432837
Field_17,16/4/2023,19.09087972,74.68960217,0.364309736,0.39971634,-0.39971634,0.546381422,26.93245781,36.99784875,6.54969435,Soybean,Fabaceae,Estival,Subtropical,Media,33.88538612
Field_17,5/1/2023,19.09087972,74.68960217,0.375447481,0.413155367,-0.413155367,0.56308412,26.13245398,18.08420565,13.34493168,Soybean,Fabaceae,Estival,Subtropical,Media,46.72803091
Field_17,16/5/2023,19.09087972,74.68960217,0.340978008,0.397486685,-0.397486685,0.511390243,27.28459773,36.06626469,6.346486366,Soybean,Fabaceae,Estival,Subtropical,Media,33.01947262
Field_17,31/5/2023,19.09087972,74.68960217,0.297836803,0.366353004,-0.366353004,0.446688632,29.31501528,25.52064542,6.03414817,Soybean,Fabaceae,Estival,Subtropical,Media,31.84057833
Field_17,15/6/2023,19.09087972,74.68960217,0.269383689,0.331804094,-0.331804094,0.404010332,31.36982167,44.16787947,5.861045073,Soybean,Fabaceae,Estival,Subtropical,Media,31.28764562
Field_17,28/9/2023,19.09087972,74.68960217,0.527746855,0.522985517,-0.522985517,0.791492249,18.96863215,22.6500643,27.02948411,Soybean,Fabaceae,Estival,Subtropical,Media,58.47524297
Field_17,13/10/2023,19.09087972,74.68960217,0.517507383,0.516412371,-0.516412371,0.776136271,19.40886016,30.05076415,7.643818815,Soybean,Fabaceae,Estival,Subtropical,Media,37.97500168
Field_17,28/10/2023,19.09087972,74.68960217,0.471140551,0.490700256,-0.490700256,0.706601027,21.19537173,35.6738552,2.643585338,Soybean,Fabaceae,Estival,Subtropical,Media,36.58745354
Field_17,11/12/2023,19.09087972,74.68960217,0.504331559,0.542521393,-0.542521393,0.756371846,18.21018239,16.79629313,7.465071052,Soybean,Fabaceae,Estival,Subtropical,Media,37.05692472
Field_17,27/11/2023,19.09087972,74.68960217,0.484460418,0.5069471,-0.5069471,0.726578992,20.22970277,27.33083667,14.67048746,Soybean,Fabaceae,Estival,Subtropical,Media,50.20211761
Field_17,12/12/2023,19.09087972,74.68960217,0.597094505,0.578980567,-0.578980567,0.89549334,15.40104132,22.960116,8.208285435,Soybean,Fabaceae,Estival,Subtropical,Media,40.07197293
Field_17,27/12/2023,19.09087972,74.68960217,0.606353017,0.60311807,-0.60311807,0.909381032,14.07391892,24.91033938,8.234627211,Soybean,Fabaceae,Estival,Subtropical,Media,40.05110754
Field_18,1/1/2023,26.38556389,74.61188542,0.379427198,0.434883681,-0.434883681,0.569064421,24.98226696,8.133497173,6.601437123,Soybean,Fabaceae,Estival,Subtropical,Media,33.92711689
Field_18,16/1/2023,26.38556389,74.61188542,0.365405181,0.414800223,-0.414800223,0.548036914,26.15102117,8.229367599,6.523352574,Soybean,Fabaceae,Estival,Subtropical,Media,33.69759765
Field_18,31/1/2023,26.38556389,74.61188542,0.398322775,0.445866467,-0.445866467,0.597403674,24.22845975,6.948433415,14.18880928,Soybean,Fabaceae,Estival,Subtropical,Media,47.56264634
Field_18,15/2/2023,26.38556389,74.61188542,0.389114115,0.443479789,-0.443479789,0.58359913,24.44438084,13.16554676,6.66823234,Soybean,Fabaceae,Estival,Subtropical,Media,34.16706882
Field_18,3/2/2023,26.38556389,74.61188542,0.380764682,0.418554287,-0.418554287,0.571072716,25.80245762,6.376518155,6.652239119,Soybean,Fabaceae,Estival,Subtropical,Media,34.22966498
Field_18,17/3/2023,26.38556389,74.61188542,0.333788452,0.387439284,-0.387439284,0.500614208,27.87108798,12.57355046,6.305092147,Soybean,Fabaceae,Estival,Subtropical,Media,32.90471299
Field_18,4/1/2023,26.38556389,74.61188542,0.310478394,0.366325186,-0.366325186,0.465656828,29.18732881,14.08968636,6.147041494,Soybean,Fabaceae,Estival,Subtropical,Media,32.33091489
Field_18,16/4/2023,26.38556389,74.61188542,0.269651519,0.33339688,-0.33339688,0.404428625,31.28575175,25.72365982,5.859163517,Soybean,Fabaceae,Estival,Subtropical,Media,31.27721292
Field_18,5/1/2023,26.38556389,74.61188542,0.284011811,0.349594962,-0.349594962,0.425961569,30.31194702,14.5785823,5.949478177,Soybean,Fabaceae,Estival,Subtropical,Media,31.56932832
Field_18,16/5/2023,26.38556389,74.61188542,0.303575856,0.352480807,-0.352480807,0.455312446,29.96477805,29.87272717,13.02506726,Soybean,Fabaceae,Estival,Subtropical,Media,44.7249539
Field_18,31/5/2023,26.38556389,74.61188542,0.400926037,0.409439837,-0.409439837,0.601322416,26.06197588,15.01188668,6.853565547,Soybean,Fabaceae,Estival,Subtropical,Media,35.14774194
Field_18,15/6/2023,26.38556389,74.61188542,0.402528799,0.412734473,-0.412734473,0.603725964,25.87736856,30.03004273,6.860150991,Soybean,Fabaceae,Estival,Subtropical,Media,35.15817463
Field_18,29/8/2023,26.38556389,74.61188542,0.387764837,0.405072961,-0.405072961,0.581575036,26.41938131,25.8500948,6.746316889,Soybean,Fabaceae,Estival,Subtropical,Media,34.70956884
Field_18,13/9/2023,26.38556389,74.61188542,0.387764837,0.405072961,-0.405072961,0.581575036,26.41938131,16.84277286,13.70430876,Soybean,Fabaceae,Estival,Subtropical,Media,47.52091556
Field_18,28/9/2023,26.38556389,74.61188542,0.421788403,0.412504132,-0.412504132,0.632597942,25.69243488,22.18313169,7.033254087,Soybean,Fabaceae,Estival,Subtropical,Media,35.90932851
Field_18,13/10/2023,26.38556389,74.61188542,0.362393914,0.391858017,-0.391858017,0.543514408,27.35330416,14.22904401,6.550635127,Soybean,Fabaceae,Estival,Subtropical,Media,33.93754958
Field_18,28/10/2023,26.38556389,74.61188542,0.33273635,0.382979761,-0.382979761,0.499034987,28.10955568,16.52197329,13.3355239,Soybean,Fabaceae,Estival,Subtropical,Media,45.53870394
Field_18,11/12/2023,26.38556389,74.61188542,0.334358118,0.417554117,-0.417554117,0.501471849,26.32747507,13.32254069,6.240178486,Soybean,Fabaceae,Estival,Subtropical,Media,32.45610721
Field_18,27/11/2023,26.38556389,74.61188542,0.290954745,0.34007985,-0.34007985,0.436373651,30.72692292,10.86115971,12.68732807,Soybean,Fabaceae,Estival,Subtropical,Media,44.24505004
Field_18,12/12/2023,26.38556389,74.61188542,0.337692112,0.378634528,-0.378634528,0.506464875,28.28082974,6.843589879,6.360598032,Soybean,Fabaceae,Estival,Subtropical,Media,33.19682839
Field_18,27/12/2023,26.38556389,74.61188542,0.384626382,0.434397188,-0.434397188,0.576857706,24.95401079,11.54087501,6.649416786,Soybean,Fabaceae,Estival,Subtropical,Media,34.13577074
Field_19,16/1/2023,26.70654183,80.86121951,0.533212685,0.471454454,-0.471454454,0.799697156,21.54421161,7.189186839,17.93216375,Sugarcane,Poaceae,Todo el año,Tropical húmedo,Alta,54.44822356
Field_19,31/1/2023,26.70654183,80.86121951,0.672346236,0.596786625,-0.596786625,1.008376975,13.72324974,8.032900094,11.6609396,Sugarcane,Poaceae,Todo el año,Tropical húmedo,Alta,43.94250194
Field_19,15/2/2023,26.70654183,80.86121951,0.686961492,0.630249159,-0.630249159,1.030303631,11.86524273,6.660678564,11.71362315,Sugarcane,Poaceae,Todo el año,Tropical húmedo,Alta,44.01553079
Field_19,3/2/2023,26.70654183,80.86121951,0.687717717,0.643095215,-0.643095215,1.031430312,11.20154372,9.597576946,11.6901037,Sugarcane,Poaceae,Todo el año,Tropical húmedo,Alta,43.82774232
Field_19,17/3/2023,26.70654183,80.86121951,0.512306026,0.506728342,-0.506728342,0.768332446,19.9564898,23.99281168,6.370946586,Sugarcane,Poaceae,Todo el año,Tropical húmedo,Alta,48.35553099
Field_19,4/1/2023,26.70654183,80.86121951,0.402042184,0.438654828,-0.438654828,0.602969261,24.55873167,7.523405646,9.61757043,Sugarcane,Poaceae,Todo el año,Tropical húmedo,Alta,34.85562654
Field_19,16/4/2023,26.70654183,80.86121951,0.337390625,0.402217875,-0.402217875,0.506023604,27.07964001,20.63347994,9.125543693,Sugarcane,Poaceae,Todo el año,Tropical húmedo,Alta,32.81081876
Field_19,16/5/2023,26.70654183,80.86121951,0.329244466,0.390059923,-0.390059923,0.49380998,27.78367384,20.58598118,9.081327141,Sugarcane,Poaceae,Todo el año,Tropical húmedo,Alta,32.68562645
Field_19,31/5/2023,26.70654183,80.86121951,0.3342848,0.364329758,-0.364329758,0.501373953,29.04609226,20.05731284,9.186694243,Sugarcane,Poaceae,Todo el año,Tropical húmedo,Alta,33.28028993
Field_19,15/6/2023,26.70654183,80.86121951,0.316283987,0.355110535,-0.355110535,0.474376477,29.70070612,33.94551898,9.047459144,Sugarcane,Poaceae,Todo el año,Tropical húmedo,Alta,32.73778991
Field_19,29/8/2023,26.70654183,80.86121951,0.556254586,0.467530719,-0.467530719,0.834286291,21.50925064,27.93406047,17.02149093,Sugarcane,Poaceae,Todo el año,Tropical húmedo,Alta,54.88639666
Field_19,28/9/2023,26.70654183,80.86121951,0.704673949,0.636672711,-0.636672711,1.056869434,11.35633299,10.33662164,11.85662136,Sugarcane,Poaceae,Todo el año,Tropical húmedo,Alta,44.67279044
Field_19,13/10/2023,26.70654183,80.86121951,0.360647288,0.303341143,-0.303341143,0.540916148,31.89120069,23.65177745,9.565827657,Sugarcane,Poaceae,Todo el año,Tropical húmedo,Alta,35.3459631
Field_19,28/10/2023,26.70654183,80.86121951,0.504507038,0.512626541,-0.512626541,0.756660561,19.73495203,16.45642767,16.33566399,Sugarcane,Poaceae,Todo el año,Tropical húmedo,Alta,51.80875229
Field_19,11/12/2023,26.70654183,80.86121951,0.374658862,0.431015917,-0.431015917,0.561914546,25.22847029,11.35918768,15.49084561,Sugarcane,Poaceae,Todo el año,Tropical húmedo,Alta,47.60437711
Field_19,27/11/2023,26.70654183,80.86121951,0.397246356,0.477840649,-0.477840649,0.595771678,22.60671161,16.73036218,15.86809747,Sugarcane,Poaceae,Todo el año,Tropical húmedo,Alta,47.94865597
Field_19,12/12/2023,26.70654183,80.86121951,0.400757046,0.40726353,-0.40726353,0.6010388,26.17483352,12.58417131,9.679661758,Sugarcane,Poaceae,Todo el año,Tropical húmedo,Alta,35.32509772
Field_19,27/12/2023,26.70654183,80.86121951,0.298872384,0.30873595,-0.30873595,0.448242414,32.24661762,9.553768277,15.53412139,Sugarcane,Poaceae,Todo el año,Tropical húmedo,Alta,46.61327129
Field_20,1/1/2023,19.08367827,74.52220393,0.338493761,0.473376985,-0.473376985,0.507662047,23.43467862,21.46224182,8.967493039,Sugarcane,Poaceae,Todo el año,Tropical húmedo,Alta,31.7362514
Field_20,16/1/2023,19.08367827,74.52220393,0.319277978,0.478634283,-0.478634283,0.47884498,23.3624664,21.61680104,8.784041388,Sugarcane,Poaceae,Todo el año,Tropical húmedo,Alta,30.91206868
Field_20,31/1/2023,19.08367827,74.52220393,0.311744749,0.460407554,-0.460407554,0.467543519,24.37013874,23.45188785,8.759581168,Sugarcane,Poaceae,Todo el año,Tropical húmedo,Alta,30.91206868
Field_20,15/2/2023,19.08367827,74.52220393,0.268519962,0.427753021,-0.427753021,0.402720313,26.47907123,20.03522988,8.450065304,Sugarcane,Poaceae,Todo el año,Tropical húmedo,Alta,29.75403978
Field_20,3/2/2023,19.08367827,74.52220393,0.217007447,0.330864918,-0.330864918,0.325460485,31.95269211,22.63606074,8.216752434,Sugarcane,Poaceae,Todo el año,Tropical húmedo,Alta,29.2845686
Field_20,17/3/2023,19.08367827,74.52220393,0.211255761,0.379852335,-0.379852335,0.316828019,29.50992168,23.52184195,15.01951599,Sugarcane,Poaceae,Todo el año,Tropical húmedo,Alta,41.83509801
Field_20,4/1/2023,19.08367827,74.52220393,0.177423306,0.325869701,-0.325869701,0.266096197,32.61203753,16.90445177,7.875250129,Sugarcane,Poaceae,Todo el año,Tropical húmedo,Alta,27.83442431
Field_20,16/4/2023,19.08367827,74.52220393,0.185128716,0.314255649,-0.314255649,0.277650647,33.1264074,34.76552057,7.971209455,Sugarcane,Poaceae,Todo el año,Tropical húmedo,Alta,28.31432818
Field_20,5/1/2023,19.08367827,74.52220393,0.099929151,0.13706419,-0.13706419,0.149875972,43.04471018,20.81584788,7.626884816,Sugarcane,Poaceae,Todo el año,Tropical húmedo,Alta,28.83596281
Field_20,16/5/2023,19.08367827,74.52220393,0.183188672,0.318488173,-0.318488173,0.274743814,32.93008965,29.88855474,14.28570938,Sugarcane,Poaceae,Todo el año,Tropical húmedo,Alta,41.30303067
Field_20,31/5/2023,19.08367827,74.52220393,0.160500836,0.298766905,-0.298766905,0.240716652,34.16885182,35.78852744,7.787757803,Sugarcane,Poaceae,Todo el año,Tropical húmedo,Alta,27.60490507
Field_20,15/6/2023,19.08367827,74.52220393,0.146080204,0.282689708,-0.282689708,0.219088703,35.13709986,41.4120547,7.696502366,Sugarcane,Poaceae,Todo el año,Tropical húmedo,Alta,27.29192428
Field_20,28/9/2023,19.08367827,74.52220393,0.50825021,0.528638928,-0.528638928,0.762252292,18.87906103,24.96419038,40.25117391,Sugarcane,Poaceae,Todo el año,Tropical húmedo,Alta,64.96437788
Field_20,13/10/2023,19.08367827,74.52220393,0.47971789,0.52149666,-0.52149666,0.719461783,19.53517345,39.04695451,10.11712339,Sugarcane,Poaceae,Todo el año,Tropical húmedo,Alta,36.82740548
Field_20,28/10/2023,19.08367827,74.52220393,0.396825644,0.461846146,-0.461846146,0.595149591,23.42775749,24.07983275,2.340654918,Sugarcane,Poaceae,Todo el año,Tropical húmedo,Alta,34.16706882
Field_20,11/12/2023,19.08367827,74.52220393,0.406041385,0.526034741,-0.526034741,0.608967092,20.0558881,15.82933363,9.447289666,Sugarcane,Poaceae,Todo el año,Tropical húmedo,Alta,33.54110725
Field_20,27/11/2023,19.08367827,74.52220393,0.392385116,0.520162134,-0.520162134,0.588489294,20.49523885,37.23729041,15.79471681,Sugarcane,Poaceae,Todo el año,Tropical húmedo,Alta,47.06187708
Field_20,12/12/2023,19.08367827,74.52220393,0.449563717,0.517085155,-0.517085155,0.67423517,20.06840494,22.51296334,9.857468744,Sugarcane,Poaceae,Todo el año,Tropical húmedo,Alta,35.59634773
Field_20,27/12/2023,19.08367827,74.52220393,0.43840731,0.533653239,-0.533653239,0.657501421,19.33630518,17.41447003,9.719174422,Sugarcane,Poaceae,Todo el año,Tropical húmedo,Alta,34.82432846
Field_21,1/1/2023,15.12004379,75.54430611,0.363643837,0.438325131,-0.438325131,0.5453871,24.96772495,19.0458298,9.275127347,Sugarcane,Poaceae,Todo el año,Tropical húmedo,Alta,33.25942455
Field_21,16/1/2023,15.12004379,75.54430611,0.360579818,0.461163674,-0.461163674,0.540791391,23.83278154,22.94869407,16.24629011,Sugarcane,Poaceae,Todo el año,Tropical húmedo,Alta,47.00971362
Field_21,31/1/2023,15.12004379,75.54430611,0.309996086,0.41222475,-0.41222475,0.464927798,26.8484222,22.75030962,15.73638859,Sugarcane,Poaceae,Todo el año,Tropical húmedo,Alta,45.53870394
Field_21,15/2/2023,15.12004379,75.54430611,0.296281712,0.419870851,-0.419870851,0.444365514,26.59804206,19.28232663,8.716305393,Sugarcane,Poaceae,Todo el año,Tropical húmedo,Alta,30.94336675
Field_21,3/2/2023,15.12004379,75.54430611,0.273436571,0.408326123,-0.408326123,0.410105438,27.42088084,24.52984635,8.539439186,Sugarcane,Poaceae,Todo el año,Tropical húmedo,Alta,30.24437634
Field_21,17/3/2023,15.12004379,75.54430611,0.200465328,0.326580756,-0.326580756,0.300665269,32.34040269,25.41476394,8.07939889,Sugarcane,Poaceae,Todo el año,Tropical húmedo,Alta,28.7107705
Field_21,4/1/2023,15.12004379,75.54430611,0.23610089,0.382047021,-0.382047021,0.354112188,29.14411128,21.4132853,3.926806121,Sugarcane,Poaceae,Todo el año,Tropical húmedo,Alta,29.22197245
Field_21,16/4/2023,15.12004379,75.54430611,0.23389849,0.389618117,-0.389618117,0.350808263,28.77999086,29.23901369,8.229923322,Sugarcane,Poaceae,Todo el año,Tropical húmedo,Alta,29.01331859
Field_21,5/1/2023,15.12004379,75.54430611,0.231093152,0.369513944,-0.369513944,0.346603279,29.83524837,25.04088391,8.252501987,Sugarcane,Poaceae,Todo el año,Tropical húmedo,Alta,29.22197245
Field_21,16/5/2023,15.12004379,75.54430611,0.253283924,0.397071376,-0.397071376,0.379884012,28.20141388,35.75845344,8.38609242,Sugarcane,Poaceae,Todo el año,Tropical húmedo,Alta,29.64971285
Field_21,31/5/2023,15.12004379,75.54430611,0.240378601,0.391960582,-0.391960582,0.360525378,28.5941938,28.1530432,9.515025661,Sugarcane,Poaceae,Todo el año,Tropical húmedo,Alta,29.2845686
Field_21,13/10/2023,15.12004379,75.54430611,0.416765484,0.474829631,-0.474829631,0.625067446,22.56112094,32.88779527,16.60660797,Sugarcane,Poaceae,Todo el año,Tropical húmedo,Alta,49.15884833
Field_21,28/10/2023,15.12004379,75.54430611,0.316637512,0.408156853,-0.408156853,0.474898536,26.98831877,35.45159399,8.92609882,Sugarcane,Poaceae,Todo el año,Tropical húmedo,Alta,31.91360718
Field_21,11/12/2023,15.12004379,75.54430611,0.309541415,0.402692298,-0.402692298,0.464243331,27.33983437,19.19531253,15.02986454,Sugarcane,Poaceae,Todo el año,Tropical húmedo,Alta,45.27788662
Field_21,27/11/2023,15.12004379,75.54430611,0.309959638,0.405103692,-0.405103692,0.464874028,27.21242677,39.04941626,8.873415269,Sugarcane,Poaceae,Todo el año,Tropical húmedo,Alta,31.70495333
Field_21,12/12/2023,15.12004379,75.54430611,0.318919589,0.405671385,-0.405671385,0.47831446,27.09193104,17.4063703,8.952440596,Sugarcane,Poaceae,Todo el año,Tropical húmedo,Alta,32.03879949
Field_21,27/12/2023,15.12004379,75.54430611,0.316434607,0.420373025,-0.420373025,0.47458878,26.36657986,22.3654261,8.895053156,Sugarcane,Poaceae,Todo el año,Tropical húmedo,Alta,31.71538602
Field_22,1/1/2023,19.56094379,76.46332618,0.565630221,0.576748248,-0.576748248,0.84831061,15.83637407,20.18681704,7.932637569,Cotton,Malvaceae,Estival,Tropical seco,Alta,38.89307864
Field_22,16/1/2023,19.56094379,76.46332618,0.530036598,0.557375033,-0.557375033,0.79493951,17.18916829,18.11118001,14.37790559,Cotton,Malvaceae,Estival,Tropical seco,Alta,51.00543495
Field_22,31/1/2023,19.56094379,76.46332618,0.537120263,0.593419448,-0.593419448,0.805564718,15.27623834,20.08320107,7.638174149,Cotton,Malvaceae,Estival,Tropical seco,Alta,37.52639589
Field_22,15/2/2023,19.56094379,76.46332618,0.427619809,0.518697738,-0.518697738,0.641339736,20.21016981,22.60181626,6.83569077,Cotton,Malvaceae,Estival,Tropical seco,Alta,34.46961691
Field_22,3/2/2023,19.56094379,76.46332618,0.325129948,0.425362037,-0.425362037,0.487630929,26.02301468,21.03066124,6.138574494,Cotton,Malvaceae,Estival,Tropical seco,Alta,31.97620334
Field_22,17/3/2023,19.56094379,76.46332618,0.307065301,0.425619274,-0.425619274,0.460531804,26.19437098,26.82373681,13.19722958,Cotton,Malvaceae,Estival,Tropical seco,Alta,43.80687694
Field_22,4/1/2023,19.56094379,76.46332618,0.245323566,0.368404917,-0.368404917,0.367934291,29.74654669,16.3123781,5.559996209,Cotton,Malvaceae,Estival,Tropical seco,Alta,29.78533786
Field_22,16/4/2023,19.56094379,76.46332618,0.232799698,0.401201511,-0.401201511,0.349143665,28.19971394,23.52972744,5.370899891,Cotton,Malvaceae,Estival,Tropical seco,Alta,28.79423204
Field_22,5/1/2023,19.56094379,76.46332618,0.221249086,0.391265825,-0.391265825,0.331821105,28.82503847,16.63988235,12.39192387,Cotton,Malvaceae,Estival,Tropical seco,Alta,40.58317487
Field_22,16/5/2023,19.56094379,76.46332618,0.187764009,0.367652513,-0.367652513,0.281589613,30.37281625,20.95644644,5.047272362,Cotton,Malvaceae,Estival,Tropical seco,Alta,27.57360699
Field_22,31/5/2023,19.56094379,76.46332618,0.170391995,0.371291417,-0.371291417,0.255537665,30.36441611,30.94539802,4.882636265,Cotton,Malvaceae,Estival,Tropical seco,Alta,26.85375119
Field_22,15/6/2023,19.56094379,76.46332618,0.104372942,0.255738588,-0.255738588,0.156532387,36.93929285,38.8053603,4.564653402,Cotton,Malvaceae,Estival,Tropical seco,Alta,26.96851081
Field_22,28/9/2023,19.56094379,76.46332618,0.721871,0.653125866,-0.653125866,1.082669339,10.34053168,28.30900432,10.08419617,Cotton,Malvaceae,Estival,Tropical seco,Alta,54.53168511
Field_22,13/10/2023,19.56094379,76.46332618,0.655925131,0.636431628,-0.636431628,0.983758739,11.86650927,29.06293296,8.598708181,Cotton,Malvaceae,Estival,Tropical seco,Alta,41.43865568
Field_22,28/10/2023,19.56094379,76.46332618,0.548996417,0.575979383,-0.575979383,0.823376549,16.04551463,28.09715642,7.785876248,Cotton,Malvaceae,Estival,Tropical seco,Alta,38.25668439
Field_22,11/12/2023,19.56094379,76.46332618,0.540572524,0.592279291,-0.592279291,0.810742634,15.29920224,23.55099548,14.7617429,Cotton,Malvaceae,Estival,Tropical seco,Alta,51.0784638
Field_22,27/11/2023,19.56094379,76.46332618,0.564626201,0.617397311,-0.617397311,0.846817894,13.77090919,20.83046349,15.3224464,Cotton,Malvaceae,Estival,Tropical seco,Alta,51.92351191
Field_22,12/12/2023,19.56094379,76.46332618,0.603039437,0.576204646,-0.576204646,0.904415618,15.48207715,16.52534805,8.26755443,Cotton,Malvaceae,Estival,Tropical seco,Alta,40.34322294
Field_22,27/12/2023,19.56094379,76.46332618,0.615764941,0.599074414,-0.599074414,0.923507027,14.18428286,23.57544563,5.09713358,Cotton,Malvaceae,Estival,Tropical seco,Alta,40.47884795
Field_23,1/1/2023,22.45065439,73.24685881,0.384810338,0.444266812,-0.444266812,0.577116142,24.44814592,5.73800047,6.627778899,Cotton,Malvaceae,Estival,Tropical seco,Alta,33.97928035
Field_23,16/1/2023,22.45065439,73.24685881,0.390231672,0.465944497,-0.465944497,0.585250212,23.2858212,11.70963392,6.624956566,Cotton,Malvaceae,Estival,Tropical seco,Alta,33.85408804
Field_23,31/1/2023,22.45065439,73.24685881,0.414219373,0.494702529,-0.494702529,0.621222441,21.57232699,5.533169338,14.24901905,Cotton,Malvaceae,Estival,Tropical seco,Alta,47.44788672
Field_23,15/2/2023,22.45065439,73.24685881,0.406712299,0.483962067,-0.483962067,0.609968648,22.19745074,12.29883337,6.730323668,Cotton,Malvaceae,Estival,Tropical seco,Alta,34.20879959
Field_23,3/2/2023,22.45065439,73.24685881,0.356681076,0.416403742,-0.416403742,0.534939819,26.15823665,5.515439761,6.441504914,Cotton,Malvaceae,Estival,Tropical seco,Alta,33.3324534
Field_23,17/3/2023,22.45065439,73.24685881,0.382845491,0.463696775,-0.463696775,0.574174002,23.47603381,16.36321086,13.32799768,Cotton,Malvaceae,Estival,Tropical seco,Alta,46.20639628
Field_23,4/1/2023,22.45065439,73.24685881,0.319081944,0.418475515,-0.418475515,0.47855301,26.43643807,7.235692072,6.100943386,Cotton,Malvaceae,Estival,Tropical seco,Alta,31.85101103
Field_23,16/4/2023,22.45065439,73.24685881,0.272996576,0.389137759,-0.389137759,0.409441142,28.4052162,24.88447114,5.758500304,Cotton,Malvaceae,Estival,Tropical seco,Alta,30.52605904
Field_23,5/1/2023,22.45065439,73.24685881,0.221096798,0.327150344,-0.327150344,0.331594159,32.10061044,7.327138057,5.440517441,Cotton,Malvaceae,Estival,Tropical seco,Alta,29.49322246
Field_23,16/5/2023,22.45065439,73.24685881,0.210639752,0.336673316,-0.336673316,0.315917773,31.72112237,20.17004148,12.07111867,Cotton,Malvaceae,Estival,Tropical seco,Alta,40.85442489
Field_23,31/5/2023,22.45065439,73.24685881,0.216955724,0.346892801,-0.346892801,0.325392014,31.13476655,10.2088425,5.356788226,Cotton,Malvaceae,Estival,Tropical seco,Alta,29.02375128
Field_23,15/6/2023,22.45065439,73.24685881,0.103368602,0.147526404,-0.147526404,0.155013056,42.47533713,31.03928365,12.05982934,Cotton,Malvaceae,Estival,Tropical seco,Alta,40.57274218
Field_23,28/9/2023,22.45065439,73.24685881,0.475664935,0.448658765,-0.448658765,0.713378193,23.29598706,14.99271092,14.64226413,Cotton,Malvaceae,Estival,Tropical seco,Alta,50.75505032
Field_23,13/10/2023,22.45065439,73.24685881,0.401219367,0.34657387,-0.34657387,0.601729151,29.26919118,16.0388477,7.004089979,Cotton,Malvaceae,Estival,Tropical seco,Alta,36.14928045
Field_23,28/10/2023,22.45065439,73.24685881,0.431782344,0.46273387,-0.46273387,0.647562546,23.02541807,13.79485969,7.004089979,Cotton,Malvaceae,Estival,Tropical seco,Alta,35.50245349
Field_23,11/12/2023,22.45065439,73.24685881,0.407540662,0.469187746,-0.469187746,0.61121345,22.94343219,11.7633842,6.772658664,Cotton,Malvaceae,Estival,Tropical seco,Alta,34.46961691
Field_23,27/11/2023,22.45065439,73.24685881,0.443547745,0.513613224,-0.513613224,0.665204707,20.30713732,23.85920826,14.14271117,Cotton,Malvaceae,Estival,Tropical seco,Alta,48.21990598
Field_23,12/12/2023,22.45065439,73.24685881,0.44449363,0.4547221,-0.4547221,0.666627978,23.30471528,14.66731643,7.136739634,Cotton,Malvaceae,Estival,Tropical seco,Alta,36.12841506
Field_23,27/12/2023,22.45065439,73.24685881,0.478100637,0.490244987,-0.490244987,0.717032922,21.14753728,7.115610857,7.353118506,Cotton,Malvaceae,Estival,Tropical seco,Alta,36.86913625
Field_24,1/1/2023,16.083924,78.06899943,0.367600897,0.370556306,-0.370556306,0.551327498,28.3878844,24.26072359,6.64753523,Cotton,Malvaceae,Estival,Tropical seco,Alta,34.46961691
Field_24,16/1/2023,16.083924,78.06899943,0.405819371,0.445935251,-0.445935251,0.608646088,24.14838554,22.34670993,13.90657597,Cotton,Malvaceae,Estival,Tropical seco,Alta,47.69827134
Field_24,31/1/2023,16.083924,78.06899943,0.390798477,0.435280477,-0.435280477,0.58611815,24.84587135,16.4428934,13.89058274,Cotton,Malvaceae,Estival,Tropical seco,Alta,47.27053094
Field_24,15/2/2023,16.083924,78.06899943,0.382053239,0.450768713,-0.450768713,0.573009781,24.14428837,23.86338948,6.588266235,Cotton,Malvaceae,Estival,Tropical seco,Alta,33.77062649
Field_24,3/2/2023,16.083924,78.06899943,0.39911732,0.483128975,-0.483128975,0.598608104,22.31755865,22.43256267,6.664469229,Cotton,Malvaceae,Estival,Tropical seco,Alta,33.92711689
Field_24,17/3/2023,16.083924,78.06899943,0.386033927,0.439706933,-0.439706933,0.578979696,24.66849694,23.95343041,13.508627,Cotton,Malvaceae,Estival,Tropical seco,Alta,46.81149246
Field_24,4/1/2023,16.083924,78.06899943,0.369777203,0.457280898,-0.457280898,0.554602925,23.93712135,20.63228952,6.463142801,Cotton,Malvaceae,Estival,Tropical seco,Alta,33.19682839
Field_24,16/4/2023,16.083924,78.06899943,0.316928292,0.426904793,-0.426904793,0.475345373,26.02799729,34.57774511,6.062371501,Cotton,Malvaceae,Estival,Tropical seco,Alta,31.63192448
Field_24,5/1/2023,16.083924,78.06899943,0.293830862,0.395184619,-0.395184619,0.440704635,27.88365914,23.74398529,12.76917573,Cotton,Malvaceae,Estival,Tropical seco,Alta,43.53562693
Field_24,16/5/2023,16.083924,78.06899943,0.334903484,0.409535857,-0.409535857,0.502305762,26.73135272,21.35169434,6.263697929,Cotton,Malvaceae,Estival,Tropical seco,Alta,32.6021649
Field_24,31/5/2023,16.083924,78.06899943,0.276980473,0.38465327,-0.38465327,0.41542925,28.59352676,28.63505288,5.804598411,Cotton,Malvaceae,Estival,Tropical seco,Alta,30.75557828
Field_24,15/6/2023,16.083924,78.06899943,0.285212077,0.383608027,-0.383608027,0.427773562,28.56283309,38.19664287,5.879860627,Cotton,Malvaceae,Estival,Tropical seco,Alta,31.08942445
Field_24,29/8/2023,16.083924,78.06899943,0.328499772,0.391669097,-0.391669097,0.492682624,27.70910785,40.63164229,13.06740226,Cotton,Malvaceae,Estival,Tropical seco,Alta,45.09009815
Field_24,28/9/2023,16.083924,78.06899943,0.559383271,0.544071854,-0.544071854,0.838971638,17.56877287,28.30981436,9.483979997,Cotton,Malvaceae,Estival,Tropical seco,Alta,49.6387522
Field_24,13/10/2023,16.083924,78.06899943,0.603149852,0.551218977,-0.551218977,0.904619374,16.75682696,33.9383638,8.327764203,Cotton,Malvaceae,Estival,Tropical seco,Alta,40.73966526
Field_24,28/10/2023,16.083924,78.06899943,0.66031202,0.608306512,-0.608306512,0.990354331,13.25789788,21.43467626,8.704075283,Cotton,Malvaceae,Estival,Tropical seco,Alta,42.05418455
Field_24,12/12/2023,16.083924,78.06899943,0.522891387,0.506864233,-0.506864233,0.78424239,19.84144365,19.81100958,7.714377142,Cotton,Malvaceae,Estival,Tropical seco,Alta,38.32971323
Field_24,27/12/2023,16.083924,78.06899943,0.374764604,0.432861308,-0.432861308,0.562073362,25.1331566,22.09836321,6.564746793,Cotton,Malvaceae,Estival,Tropical seco,Alta,33.77062649
Field_25,1/1/2023,26.62920588,93.34137759,0.575673001,0.535196919,-0.535196919,0.863360793,17.85560088,14.0498349,14.96024699,Tea,Theaceae,Todo el año,Subtropical húmedo,Alta,53.43625237
Field_25,16/1/2023,26.62920588,93.34137759,0.327036389,0.305440922,-0.305440922,0.4904875,32.12724071,5.075615022,13.26966946,Tea,Theaceae,Todo el año,Subtropical húmedo,Alta,46.49851167
Field_25,31/1/2023,26.62920588,93.34137759,0.368510233,0.375610499,-0.375610499,0.552674191,28.12050825,10.03198564,6.64377212,Tea,Theaceae,Todo el año,Subtropical húmedo,Alta,34.42788614
Field_25,15/2/2023,26.62920588,93.34137759,0.429244462,0.488632576,-0.488632576,0.643747285,21.72883598,5.86991056,13.85953708,Tea,Theaceae,Todo el año,Subtropical húmedo,Alta,47.9069252
Field_25,3/2/2023,26.62920588,93.34137759,0.392170325,0.41071004,-0.41071004,0.588152082,26.08653476,14.1953518,14.26877538,Tea,Theaceae,Todo el año,Subtropical húmedo,Alta,47.91735789
Field_25,17/3/2023,26.62920588,93.34137759,0.200090982,0.169976385,-0.169976385,0.300084356,40.3411295,25.65826116,12.80680683,Tea,Theaceae,Todo el año,Subtropical húmedo,Alta,43.46259808
Field_25,4/1/2023,26.62920588,93.34137759,0.399818614,0.385720555,-0.385720555,0.59961965,27.28449607,9.086359843,8.065287225,Tea,Theaceae,Todo el año,Subtropical húmedo,Alta,45.91428088
Field_25,16/4/2023,26.62920588,93.34137759,0.277241723,0.242931839,-0.242931839,0.41580603,35.82777431,21.34347796,13.46911434,Tea,Theaceae,Todo el año,Subtropical húmedo,Alta,45.66389625
Field_25,29/8/2023,26.62920588,93.34137759,0.407679294,0.284240205,-0.284240205,0.611412741,32.38624613,34.2326672,14.21515105,Tea,Theaceae,Todo el año,Subtropical húmedo,Alta,50.47336762
Field_25,13/9/2023,26.62920588,93.34137759,0.407679294,0.284240205,-0.284240205,0.611412741,32.38624613,16.53713963,18.23603494,Tea,Theaceae,Todo el año,Subtropical húmedo,Alta,52.69553118
Field_25,28/9/2023,26.62920588,93.34137759,0.619213699,0.505335943,-0.505335943,0.928658718,18.93575715,25.33534763,8.578951849,Tea,Theaceae,Todo el año,Subtropical húmedo,Alta,42.07504994
Field_25,13/10/2023,26.62920588,93.34137759,0.67097871,0.559010677,-0.559010677,1.006307484,15.66622112,26.89962201,8.915750266,Tea,Theaceae,Todo el año,Subtropical húmedo,Alta,43.23307884
Field_25,28/10/2023,26.62920588,93.34137759,0.671024519,0.559281514,-0.559281514,1.006374617,15.65192317,16.22979882,8.915750266,Tea,Theaceae,Todo el año,Subtropical húmedo,Alta,43.23307884
Field_25,11/12/2023,26.62920588,93.34137759,0.650180063,0.561211188,-0.561211188,0.975109412,15.7662674,11.44377226,8.724772393,Tea,Theaceae,Todo el año,Subtropical húmedo,Alta,42.39846341
Field_25,27/11/2023,26.62920588,93.34137759,0.350425621,0.310629656,-0.310629656,0.52559667,31.62340996,28.89787353,6.634364343,Tea,Theaceae,Todo el año,Subtropical húmedo,Alta,34.75129961
Field_25,12/12/2023,26.62920588,93.34137759,0.591243684,0.537473535,-0.537473535,0.886713653,17.58032553,10.88729247,15.61314671,Tea,Theaceae,Todo el año,Subtropical húmedo,Alta,54.36476202
Field_25,27/12/2023,26.62920588,93.34137759,0.542413205,0.512339311,-0.512339311,0.813478019,19.36248836,14.76494895,7.876190907,Tea,Theaceae,Todo el año,Subtropical húmedo,Alta,38.99740557
Field_26,1/1/2023,27.11817603,88.17990102,0.712078713,0.655985593,-0.655985593,1.067928336,10.29450891,10.052029,15.67147493,Tea,Theaceae,Todo el año,Subtropical húmedo,Alta,57.21288715
Field_26,16/1/2023,27.11817603,88.17990102,0.118817745,0.073686672,-0.073686672,0.178216005,46.08813644,5.877095297,5.122534578,Tea,Theaceae,Todo el año,Subtropical húmedo,Alta,29.77490516
Field_26,31/1/2023,27.11817603,88.17990102,0.688290623,0.680947177,-0.680947177,1.032259781,9.262806106,9.139039335,8.78310061,Tea,Theaceae,Todo el año,Subtropical húmedo,Alta,41.9915884
Field_26,15/2/2023,27.11817603,88.17990102,0.61065313,0.597079847,-0.597079847,0.91583114,14.33834045,11.76625737,15.75896726,Tea,Theaceae,Todo el año,Subtropical húmedo,Alta,54.26043509
Field_26,3/2/2023,27.11817603,88.17990102,0.031551867,0.01981561,-0.01981561,0.047324744,49.73026372,5.333284851,11.75501737,Tea,Theaceae,Todo el año,Subtropical húmedo,Alta,42.62798266
Field_26,17/3/2023,27.11817603,88.17990102,0.00235121,-0.027011086,0.027011086,0.003526607,52.41966212,10.16721204,11.29874018,Tea,Theaceae,Todo el año,Subtropical húmedo,Alta,43.19134807
Field_26,4/1/2023,27.11817603,88.17990102,0.639289077,0.587570484,-0.587570484,0.95880745,14.5314748,10.92033265,15.99792479,Tea,Theaceae,Todo el año,Subtropical húmedo,Alta,55.64798323
Field_26,16/4/2023,27.11817603,88.17990102,0.465018302,0.420464484,-0.420464484,0.697443546,24.84444297,17.09887807,14.23772972,Tea,Theaceae,Todo el año,Subtropical húmedo,Alta,50.56726185
Field_26,5/1/2023,27.11817603,88.17990102,0.430100597,0.384990721,-0.384990721,0.645084135,27.01249849,6.621800289,13.97525274,Tea,Theaceae,Todo el año,Subtropical húmedo,Alta,49.6283195
Field_26,16/5/2023,27.11817603,88.17990102,0.670910746,0.587227772,-0.587227772,1.00625009,14.22602704,22.81399919,16.04308212,Tea,Theaceae,Todo el año,Subtropical húmedo,Alta,56.89990636
Field_26,31/5/2023,27.11817603,88.17990102,0.154258243,0.132731092,-0.132731092,0.231362846,42.7111209,28.55628936,5.300341564,Tea,Theaceae,Todo el año,Subtropical húmedo,Alta,29.96269363
Field_26,13/10/2023,27.11817603,88.17990102,0.815756172,0.721294356,-0.721294356,1.223459621,5.900713181,23.02277418,9.827363857,Tea,Theaceae,Todo el año,Subtropical húmedo,Alta,44.04682887
Field_26,28/10/2023,27.11817603,88.17990102,0.798946436,0.697106024,-0.697106024,1.198251193,7.307550852,17.04103785,9.734226865,Tea,Theaceae,Todo el año,Subtropical húmedo,Alta,44.1511558
Field_26,11/12/2023,27.11817603,88.17990102,0.775187595,0.686353645,-0.686353645,1.162602913,8.099260358,12.27974618,9.547012103,Tea,Theaceae,Todo el año,Subtropical húmedo,Alta,44.28678081
Field_26,27/11/2023,27.11817603,88.17990102,0.764450829,0.679370976,-0.679370976,1.1464775,8.565479209,18.4167719,9.467986776,Tea,Theaceae,Todo el año,Subtropical húmedo,Alta,44.39110773
Field_26,12/12/2023,27.11817603,88.17990102,0.767385785,0.691344824,-0.691344824,1.15090573,7.924067895,7.542526273,9.46610522,Tea,Theaceae,Todo el año,Subtropical húmedo,Alta,44.19288657
Field_26,27/12/2023,27.11817603,88.17990102,0.788905297,0.746485705,-0.746485705,1.183159852,4.8885574,8.234016006,9.528196549,Tea,Theaceae,Todo el año,Subtropical húmedo,Alta,43.87990579
Field_27,1/1/2023,11.29704122,76.82113488,0.663035102,0.587380192,-0.587380192,0.994411984,14.29867676,18.58694995,8.777455944,Tea,Theaceae,Todo el año,Subtropical húmedo,Alta,42.48192496
Field_27,16/1/2023,11.29704122,76.82113488,0.709961791,0.637929608,-0.637929608,1.064767216,11.23814626,24.02019179,16.15409389,Tea,Theaceae,Todo el año,Subtropical húmedo,Alta,57.68235832
Field_27,31/1/2023,11.29704122,76.82113488,0.788439118,0.707630711,-0.707630711,1.182456447,6.877424259,19.25213818,16.21524444,Tea,Theaceae,Todo el año,Subtropical húmedo,Alta,58.04750257
Field_27,15/2/2023,11.29704122,76.82113488,0.69771816,0.636507549,-0.636507549,1.046418724,11.43580551,20.69595999,8.972196928,Tea,Theaceae,Todo el año,Subtropical húmedo,Alta,43.05572306
Field_27,3/2/2023,11.29704122,76.82113488,0.694927544,0.64894334,-0.64894334,1.042232933,10.82927986,20.45501032,8.917631821,Tea,Theaceae,Todo el año,Subtropical húmedo,Alta,42.75317497
Field_27,17/3/2023,11.29704122,76.82113488,0.644347635,0.614544762,-0.614544762,0.966379244,13.10238784,32.57864525,15.31868329,Tea,Theaceae,Todo el año,Subtropical húmedo,Alta,55.04288705
Field_27,4/1/2023,11.29704122,76.82113488,0.610942856,0.541575682,-0.541575682,0.916311881,17.1696668,15.26746041,4.304998757,Tea,Theaceae,Todo el año,Subtropical húmedo,Alta,41.18827105
Field_27,16/4/2023,11.29704122,76.82113488,0.704248963,0.643018678,-0.643018678,1.056243689,11.03662054,20.44579574,9.015472702,Tea,Theaceae,Todo el año,Subtropical húmedo,Alta,43.20178076
Field_27,14/8/2023,11.29704122,76.82113488,0.797674134,0.699679275,-0.699679275,1.196383135,7.189143259,43.43127692,16.88507817,Tea,Theaceae,Todo el año,Subtropical húmedo,Alta,58.51697374
Field_27,28/9/2023,11.29704122,76.82113488,0.682530338,0.607287471,-0.607287471,1.023678188,13.08302171,31.58957963,5.230724014,Tea,Theaceae,Todo el año,Subtropical húmedo,Alta,53.35279082
Field_27,13/10/2023,11.29704122,76.82113488,0.682530338,0.607287471,-0.607287471,1.023678188,13.08302171,36.27466798,15.84834114,Tea,Theaceae,Todo el año,Subtropical húmedo,Alta,56.93120444
Field_27,27/12/2023,11.29704122,76.82113488,0.724755724,0.624231026,-0.624231026,1.086952178,11.78656718,17.99835809,9.243140905,Tea,Theaceae,Todo el año,Subtropical húmedo,Alta,44.28678081
Field_28,1/1/2023,13.19149844,77.52581427,0.411379231,0.438259264,-0.438259264,0.616981532,24.48357284,15.63872037,6.878966545,Coffee,Rubiaceae,Todo el año,Tropical húmedo,Alta,35.10601117
Field_28,16/1/2023,13.19149844,77.52581427,0.417810277,0.484363555,-0.484363555,0.62662225,22.06360675,17.63329105,14.23020349,Coffee,Rubiaceae,Todo el año,Tropical húmedo,Alta,47.74000211
Field_28,31/1/2023,13.19149844,77.52581427,0.385863079,0.467619482,-0.467619482,0.578709268,23.244905,15.64807399,13.52650177,Coffee,Rubiaceae,Todo el año,Tropical húmedo,Alta,46.37331936
Field_28,15/2/2023,13.19149844,77.52581427,0.353712374,0.458842863,-0.458842863,0.530496592,24.02142864,17.15864672,6.315440702,Coffee,Rubiaceae,Todo el año,Tropical húmedo,Alta,32.55000144
Field_28,3/2/2023,13.19149844,77.52581427,0.329816953,0.453680034,-0.453680034,0.49465851,24.52910617,24.27863928,6.114114274,Coffee,Rubiaceae,Todo el año,Tropical húmedo,Alta,31.71538602
Field_28,17/3/2023,13.19149844,77.52581427,0.335995801,0.456696089,-0.456696089,0.503924142,24.31198946,38.75657195,3.606941703,Coffee,Rubiaceae,Todo el año,Tropical húmedo,Alta,42.33586726
Field_28,4/1/2023,13.19149844,77.52581427,0.319642847,0.44435316,-0.44435316,0.479403709,25.10928401,22.51200478,6.045437502,Coffee,Rubiaceae,Todo el año,Tropical húmedo,Alta,31.46500139
Field_28,16/4/2023,13.19149844,77.52581427,0.311591756,0.434581393,-0.434581393,0.46733015,25.69049793,20.67317508,5.996517062,Coffee,Rubiaceae,Todo el año,Tropical húmedo,Alta,31.308511
Field_28,5/1/2023,13.19149844,77.52581427,0.336924355,0.445472719,-0.445472719,0.505320351,24.87562058,20.92602439,13.69396021,Coffee,Rubiaceae,Todo el año,Tropical húmedo,Alta,44.92317507
Field_28,16/5/2023,13.19149844,77.52581427,0.433242913,0.511074232,-0.511074232,0.649779423,20.54203129,26.67116945,6.903426765,Coffee,Rubiaceae,Todo el año,Tropical húmedo,Alta,34.80346308
Field_28,31/5/2023,13.19149844,77.52581427,0.477380008,0.515736523,-0.515736523,0.715981611,19.8531877,26.96374283,5.678534199,Coffee,Rubiaceae,Todo el año,Tropical húmedo,Alta,36.44139584
Field_28,14/8/2023,13.19149844,77.52581427,0.21546697,0.209378665,-0.209378665,0.323158828,38.17204383,41.86971705,2.056540053,Coffee,Rubiaceae,Todo el año,Tropical húmedo,Alta,41.5534153
Field_28,13/10/2023,13.19149844,77.52581427,0.649962377,0.591027262,-0.591027262,0.974817865,14.24595151,37.66877298,8.65233251,Coffee,Rubiaceae,Todo el año,Tropical húmedo,Alta,41.91855955
Field_28,28/10/2023,13.19149844,77.52581427,0.600588073,0.569141634,-0.569141634,0.900768808,15.86778087,30.21649057,15.33655807,Coffee,Rubiaceae,Todo el año,Tropical húmedo,Alta,54.08307932
Field_28,11/12/2023,13.19149844,77.52581427,0.555783527,0.534517334,-0.534517334,0.833561503,18.09343218,19.57610618,14.89909644,Coffee,Rubiaceae,Todo el año,Tropical húmedo,Alta,52.64336771
Field_28,27/11/2023,13.19149844,77.52581427,0.555783527,0.534517334,-0.534517334,0.833561503,18.09343218,39.75335564,15.16815886,Coffee,Rubiaceae,Todo el año,Tropical húmedo,Alta,52.79985811
Field_29,1/1/2023,9.801727165,76.29690027,0.349008738,0.181408353,-0.181408353,0.523409729,38.23648493,23.04219954,6.92600543,Coffee,Rubiaceae,Todo el año,Tropical húmedo,Alta,36.71264586
Field_29,16/1/2023,9.801727165,76.29690027,0.314909631,0.146115316,-0.146115316,0.472701376,40.38695155,15.66932141,13.29507046,Coffee,Rubiaceae,Todo el año,Tropical húmedo,Alta,48.54331946
Field_29,31/1/2023,9.801727165,76.29690027,0.321774463,0.154897299,-0.154897299,0.482563733,39.86839546,18.01510522,14.25654527,Coffee,Rubiaceae,Todo el año,Tropical húmedo,Alta,49.2005791
Field_29,15/2/2023,9.801727165,76.29690027,0.140386551,0.007030897,-0.007030897,0.210526896,49.27159211,24.19153616,5.471563105,Coffee,Rubiaceae,Todo el año,Tropical húmedo,Alta,31.39197254
Field_29,3/2/2023,9.801727165,76.29690027,0.296139789,0.133631326,-0.133631326,0.444122513,41.21613268,18.22826392,13.9432663,Coffee,Rubiaceae,Todo el año,Tropical húmedo,Alta,48.36596368
Field_29,17/3/2023,9.801727165,76.29690027,0.43530099,0.357124485,-0.357124485,0.652784498,28.38235936,20.53818364,7.284441733,Coffee,Rubiaceae,Todo el año,Tropical húmedo,Alta,37.29687665
Field_29,4/1/2023,9.801727165,76.29690027,0.267907086,0.212185862,-0.212185862,0.401772552,37.49313178,19.26399932,6.129166717,Coffee,Rubiaceae,Todo el año,Tropical húmedo,Alta,33.10293416
Field_29,16/4/2023,9.801727165,76.29690027,0.195516067,0.07556626,-0.07556626,0.293221854,45.20884613,29.16464131,5.802716855,Coffee,Rubiaceae,Todo el año,Tropical húmedo,Alta,32.44567451
Field_29,5/1/2023,9.801727165,76.29690027,0.353183156,0.265550317,-0.265550317,0.529668244,33.89719569,16.84600863,23.58435617,Coffee,Rubiaceae,Todo el año,Tropical húmedo,Alta,53.85356008
Field_29,16/5/2023,9.801727165,76.29690027,0.244041572,0.104211462,-0.104211462,0.366050018,43.25051202,36.90271619,12.79175439,Coffee,Rubiaceae,Todo el año,Tropical húmedo,Alta,46.1750982
Field_29,31/5/2023,9.801727165,76.29690027,0.244041572,0.104211462,-0.104211462,0.366050018,43.25051202,23.6169936,37.64804201,Coffee,Rubiaceae,Todo el año,Tropical húmedo,Alta,59.96711804
Field_29,30/6/2023,9.801727165,76.29690027,0.386831866,0.208961532,-0.208961532,0.580132565,36.44321636,39.93994227,14.01100229,Coffee,Rubiaceae,Todo el año,Tropical húmedo,Alta,50.72375224
Field_29,30/7/2023,9.801727165,76.29690027,0.371125544,0.222808402,-0.222808402,0.556572472,35.89654132,42.90159501,7.026668644,Coffee,Rubiaceae,Todo el año,Tropical húmedo,Alta,36.92129971
Field_29,14/8/2023,9.801727165,76.29690027,0.38785613,0.237425446,-0.237425446,0.581654106,34.97926383,40.79886051,7.367230171,Coffee,Rubiaceae,Todo el año,Tropical húmedo,Alta,47.77130019
Field_29,13/10/2023,9.801727165,76.29690027,0.33926626,0.183706231,-0.183706231,0.508805786,38.21864395,22.19349447,20.77237162,Coffee,Rubiaceae,Todo el año,Tropical húmedo,Alta,53.03981004
Field_29,11/12/2023,9.801727165,76.29690027,0.15574738,0.043426865,-0.043426865,0.23447858,47.25617672,17.91007432,12.90652927,Coffee,Rubiaceae,Todo el año,Tropical húmedo,Alta,43.78601155
Field_29,27/11/2023,9.801727165,76.29690027,0.199281968,0.048066062,-0.048066062,0.300141629,46.57466577,26.48550266,5.901498514,Coffee,Rubiaceae,Todo el año,Tropical húmedo,Alta,33.01947262
Field_29,12/12/2023,9.801727165,76.29690027,0.339452536,0.138103576,-0.138103576,0.509091231,40.54541239,24.47617871,6.942939428,Coffee,Rubiaceae,Todo el año,Tropical húmedo,Alta,37.02562664
Field_29,27/12/2023,9.801727165,76.29690027,0.247341107,-0.034696565,0.034696565,0.370900201,50.3100653,24.22530853,6.525234129,Coffee,Rubiaceae,Todo el año,Tropical húmedo,Alta,36.17014583
Field_30,1/1/2023,11.31677098,76.87501764,0.811952383,0.71109801,-0.71109801,1.217712636,6.460230826,16.63823428,9.81795608,Coffee,Rubiaceae,Todo el año,Tropical húmedo,Alta,44.04682887
Field_30,16/1/2023,11.31677098,76.87501764,0.805000896,0.713314373,-0.713314373,1.207289655,6.418048295,22.33456553,16.41563009,Coffee,Rubiaceae,Todo el año,Tropical húmedo,Alta,58.13096411
Field_30,31/1/2023,11.31677098,76.87501764,0.825377759,0.738808628,-0.738808628,1.237841108,4.908093844,16.85101061,17.31030969,Coffee,Rubiaceae,Todo el año,Tropical húmedo,Alta,58.63173336
Field_30,15/2/2023,11.31677098,76.87501764,0.727531854,0.660983252,-0.660983252,1.091104534,9.881485596,16.90160143,9.181049577,Coffee,Rubiaceae,Todo el año,Tropical húmedo,Alta,43.81730963
Field_30,3/2/2023,11.31677098,76.87501764,0.689332568,0.645484541,-0.645484541,1.033807025,11.06304206,17.55583122,8.876237602,Coffee,Rubiaceae,Todo el año,Tropical húmedo,Alta,42.58625188
Field_30,17/3/2023,11.31677098,76.87501764,0.587935433,0.572555488,-0.572555488,0.88173489,15.82267442,34.80812279,15.66488949,Coffee,Rubiaceae,Todo el año,Tropical húmedo,Alta,53.71793507
Field_30,4/1/2023,11.31677098,76.87501764,0.608172607,0.5673249,-0.5673249,0.912099231,15.88309138,17.59128914,8.334349647,Coffee,Rubiaceae,Todo el año,Tropical húmedo,Alta,40.67706911
Field_30,16/4/2023,11.31677098,76.87501764,0.577329707,0.563779056,-0.563779056,0.865838348,16.37915235,24.77838451,8.06716878,Coffee,Rubiaceae,Todo el año,Tropical húmedo,Alta,39.5399056
Field_30,5/1/2023,11.31677098,76.87501764,0.537638611,0.520039332,-0.520039332,0.806318533,19.01805396,17.15452929,14.90662266,Coffee,Rubiaceae,Todo el año,Tropical húmedo,Alta,52.17389654
Field_30,16/5/2023,11.31677098,76.87501764,0.828003192,0.711038769,-0.711038769,1.241842861,6.299331042,24.42025656,2.567382344,Coffee,Rubiaceae,Todo el año,Tropical húmedo,Alta,43.81730963
Field_30,31/5/2023,11.31677098,76.87501764,0.641458606,0.5391728,-0.5391728,0.962081971,16.98071492,24.55295288,10.19991183,Coffee,Rubiaceae,Todo el año,Tropical húmedo,Alta,53.27976197
Field_30,15/6/2023,11.31677098,76.87501764,0.641458606,0.5391728,-0.5391728,0.962081971,16.98071492,44.46871901,15.93583347,Coffee,Rubiaceae,Todo el año,Tropical húmedo,Alta,56.46173327
Field_30,14/8/2023,11.31677098,76.87501764,0.650060113,0.58308432,-0.58308432,0.974929922,14.65055467,40.38810075,15.38265618,Coffee,Rubiaceae,Todo el año,Tropical húmedo,Alta,55.79404093
Field_30,28/9/2023,11.31677098,76.87501764,0.783839408,0.685682673,-0.685682673,1.175588248,8.045163263,32.73650799,5.322920228,Coffee,Rubiaceae,Todo el año,Tropical húmedo,Alta,54.62557934
Field_30,13/10/2023,11.31677098,76.87501764,0.783839408,0.685682673,-0.685682673,1.175588248,8.045163263,33.29966356,16.82769073,Coffee,Rubiaceae,Todo el año,Tropical húmedo,Alta,58.74649298
Field_30,27/12/2023,11.31677098,76.87501764,0.779646962,0.667714958,-0.667714958,1.169271696,9.005490235,17.4844331,9.630741318,Coffee,Rubiaceae,Todo el año,Tropical húmedo,Alta,44.61019428
Field_31,16/1/2023,28.64888239,77.1263274,0.124879871,0.16823583,-0.16823583,0.187282467,41.19813147,6.964812799,4.95413537,Barley,Poaceae,Invernal,Subtropical,Media,28.27259741
Field_31,31/1/2023,28.64888239,77.1263274,0.184829896,0.227112654,-0.227112654,0.277191988,37.57936139,6.179612484,12.80774761,Barley,Poaceae,Invernal,Subtropical,Media,41.9811557
Field_31,15/2/2023,28.64888239,77.1263274,0.145961259,0.185983266,-0.185983266,0.218902997,40.07656822,8.654107764,5.100896691,Barley,Poaceae,Invernal,Subtropical,Media,28.80466474
Field_31,3/2/2023,28.64888239,77.1263274,0.177957654,0.245363011,-0.245363011,0.266883534,36.71760375,8.845940703,5.246717235,Barley,Poaceae,Invernal,Subtropical,Media,29.10721283
Field_31,17/3/2023,28.64888239,77.1263274,0.131958813,0.153609027,-0.153609027,0.197909482,41.87274357,23.81418753,11.77853681,Barley,Poaceae,Invernal,Subtropical,Media,40.52057872
Field_31,4/1/2023,28.64888239,77.1263274,0.225762179,0.296597581,-0.296597581,0.338584425,33.61312108,13.37998123,12.85760883,Barley,Poaceae,Invernal,Subtropical,Media,42.50279034
Field_31,16/4/2023,28.64888239,77.1263274,0.178347546,0.220126182,-0.220126182,0.26748185,38.00232466,22.56378154,5.309749341,Barley,Poaceae,Invernal,Subtropical,Media,29.52452054
Field_31,5/1/2023,28.64888239,77.1263274,0.181550927,0.205192858,-0.205192858,0.272286339,38.73216969,9.240509045,5.770730414,Barley,Poaceae,Invernal,Subtropical,Media,40.31192486
Field_31,16/5/2023,28.64888239,77.1263274,0.181369758,0.222186982,-0.222186982,0.272018207,37.86622569,24.74968158,12.18213044,Barley,Poaceae,Invernal,Subtropical,Media,41.57428069
Field_31,31/5/2023,28.64888239,77.1263274,0.199972966,0.242596882,-0.242596882,0.299919135,36.63401479,25.3830847,5.449925218,Barley,Poaceae,Invernal,Subtropical,Media,30.0044244
Field_31,15/6/2023,28.64888239,77.1263274,0.164329391,0.20465827,-0.20465827,0.246461649,38.93534946,29.03603727,5.220375459,Barley,Poaceae,Invernal,Subtropical,Media,29.22197245
Field_31,30/6/2023,28.64888239,77.1263274,0.099200065,0.093627261,-0.093627261,0.14878105,45.2702357,28.0049812,10.06443984,Barley,Poaceae,Invernal,Subtropical,Media,40.32235755
Field_31,14/8/2023,28.64888239,77.1263274,0.208217743,0.256061881,-0.256061881,0.312282476,35.86223023,25.76162675,12.76259028,Barley,Poaceae,Invernal,Subtropical,Media,42.40889611
Field_31,29/8/2023,28.64888239,77.1263274,0.187848532,0.22311436,-0.22311436,0.281732622,37.7527028,30.37391546,5.38783389,Barley,Poaceae,Invernal,Subtropical,Media,29.83750132
Field_31,13/9/2023,28.64888239,77.1263274,0.211675229,0.240501309,-0.240501309,0.317460982,36.62151018,19.65961986,13.0316527,Barley,Poaceae,Invernal,Subtropical,Media,42.93053075
Field_31,28/9/2023,28.64888239,77.1263274,0.208734616,0.233809376,-0.233809376,0.313056395,36.99326163,17.70546092,5.548706876,Barley,Poaceae,Invernal,Subtropical,Media,30.48432827
Field_31,13/10/2023,28.64888239,77.1263274,0.210879211,0.254987197,-0.254987197,0.316267827,35.88992706,15.18810613,5.51860199,Barley,Poaceae,Invernal,Subtropical,Media,30.23394365
Field_31,28/10/2023,28.64888239,77.1263274,0.130944474,0.159561215,-0.159561215,0.196386126,41.57915814,12.96637169,5.028456808,Barley,Poaceae,Invernal,Subtropical,Media,28.63774165
Field_31,11/12/2023,28.64888239,77.1263274,0.115826326,0.105225747,-0.105225747,0.173715644,44.50816439,10.69708929,5.020930587,Barley,Poaceae,Invernal,Subtropical,Media,29.2845686
Field_31,27/11/2023,28.64888239,77.1263274,0.120380898,0.136977336,-0.136977336,0.180543593,42.84027421,10.73408719,11.62989393,Barley,Poaceae,Invernal,Subtropical,Media,40.44754987
Field_31,12/12/2023,28.64888239,77.1263274,0.217148082,0.28029491,-0.28029491,0.325652106,34.53358144,5.974133908,5.514838879,Barley,Poaceae,Invernal,Subtropical,Media,30.07745325
Field_31,27/12/2023,28.64888239,77.1263274,0.179936639,0.226053164,-0.226053164,0.269849431,37.68343783,11.62018614,12.11533522,Barley,Poaceae,Invernal,Subtropical,Media,41.42822299
Field_32,1/1/2023,26.78589803,75.94138105,0.383682267,0.47368217,-0.47368217,0.575436562,22.95759002,10.22562515,6.548753572,Barley,Poaceae,Invernal,Subtropical,Media,33.4785111
Field_32,16/1/2023,26.78589803,75.94138105,0.358814573,0.46151975,-0.46151975,0.538142734,23.832627,14.22015347,6.354953366,Barley,Poaceae,Invernal,Subtropical,Media,32.70649183
Field_32,31/1/2023,26.78589803,75.94138105,0.339846165,0.439085841,-0.439085841,0.509687244,25.17192238,12.71051685,13.59611932,Barley,Poaceae,Invernal,Subtropical,Media,45.07966546
Field_32,15/2/2023,26.78589803,75.94138105,0.313571193,0.419579703,-0.419579703,0.470288402,26.43633403,5.736275446,6.049200613,Barley,Poaceae,Invernal,Subtropical,Media,31.62149178
Field_32,3/2/2023,26.78589803,75.94138105,0.329032839,0.43435902,-0.43435902,0.493477447,25.52372969,6.843054856,6.15268616,Barley,Poaceae,Invernal,Subtropical,Media,31.98663603
Field_32,17/3/2023,26.78589803,75.94138105,0.26325198,0.325987802,-0.325987802,0.394827438,31.72944935,17.84607776,4.511969851,Barley,Poaceae,Invernal,Subtropical,Media,41.57428069
Field_32,4/1/2023,26.78589803,75.94138105,0.310715999,0.402026545,-0.402026545,0.466005755,27.36183472,12.84701121,6.065193834,Barley,Poaceae,Invernal,Subtropical,Media,31.78841487
Field_32,16/4/2023,26.78589803,75.94138105,0.260529027,0.381766859,-0.381766859,0.390742723,28.9089361,11.55072403,5.664422534,Barley,Poaceae,Invernal,Subtropical,Media,30.1609148
Field_32,5/1/2023,26.78589803,75.94138105,0.254736439,0.360892193,-0.360892193,0.38205895,30.03404672,13.14894633,5.6616002,Barley,Poaceae,Invernal,Subtropical,Media,30.26524172
Field_32,16/5/2023,26.78589803,75.94138105,0.228784512,0.329600443,-0.329600443,0.343137157,31.89698402,21.40036158,5.502608769,Barley,Poaceae,Invernal,Subtropical,Media,29.75403978
Field_32,31/5/2023,26.78589803,75.94138105,0.301469402,0.374477645,-0.374477645,0.452154573,28.86303634,13.91232046,6.047319058,Barley,Poaceae,Invernal,Subtropical,Media,31.86144372
Field_32,15/6/2023,26.78589803,75.94138105,0.28626055,0.366061762,-0.366061762,0.429343119,29.44811417,28.53153334,5.930662623,Barley,Poaceae,Invernal,Subtropical,Media,31.40240524
Field_32,14/8/2023,26.78589803,75.94138105,0.446213705,0.456689615,-0.456689615,0.669248917,23.18667847,28.9282963,14.62721168,Barley,Poaceae,Invernal,Subtropical,Media,49.48226181
Field_32,29/8/2023,26.78589803,75.94138105,0.437665371,0.467585523,-0.467585523,0.656414874,22.71758881,31.63423818,7.045484198,Barley,Poaceae,Invernal,Subtropical,Media,35.65894389
Field_32,13/9/2023,26.78589803,75.94138105,0.471215419,0.515469628,-0.515469628,0.706708711,19.92977475,24.5338994,14.23961127,Barley,Poaceae,Invernal,Subtropical,Media,49.31533872
Field_32,28/9/2023,26.78589803,75.94138105,0.445655491,0.474825245,-0.474825245,0.6683902,22.26629491,10.34438565,7.100049304,Barley,Poaceae,Invernal,Subtropical,Media,35.85716505
Field_32,13/10/2023,26.78589803,75.94138105,0.395862742,0.460187793,-0.460187793,0.593712356,23.52227422,29.49295286,6.688929449,Barley,Poaceae,Invernal,Subtropical,Media,34.15663613
Field_32,28/10/2023,26.78589803,75.94138105,0.345750418,0.42322114,-0.42322114,0.518555155,25.92174399,21.88226595,13.24426846,Barley,Poaceae,Invernal,Subtropical,Media,45.36134816
Field_32,11/12/2023,26.78589803,75.94138105,0.339927302,0.40117107,-0.40117107,0.509826975,27.10718768,8.368623471,6.327670812,Barley,Poaceae,Invernal,Subtropical,Media,32.92557838
Field_32,27/11/2023,26.78589803,75.94138105,0.011540127,-0.028689449,0.028689449,0.017307896,52.41152142,20.69522896,11.18302452,Barley,Poaceae,Invernal,Subtropical,Media,43.12875191
Field_32,12/12/2023,26.78589803,75.94138105,0.346068168,0.441761532,-0.441761532,0.519022281,24.9717454,7.146956313,6.287217371,Barley,Poaceae,Invernal,Subtropical,Media,32.52913606
Field_32,27/12/2023,26.78589803,75.94138105,0.341707663,0.44764404,-0.44764404,0.512484393,24.71589208,13.75085579,6.23453382,Barley,Poaceae,Invernal,Subtropical,Media,32.26831874
Field_33,1/1/2023,23.60146274,77.52801189,0.652243885,0.613432875,-0.613432875,0.978206,13.07852224,9.233004766,8.620346068,Barley,Poaceae,Invernal,Subtropical,Media,41.65774223
Field_33,16/1/2023,23.60146274,77.52801189,0.670005458,0.652333936,-0.652333936,1.004858197,10.91066734,7.530888186,16.16067934,Barley,Poaceae,Invernal,Subtropical,Media,55.90880055
Field_33,31/1/2023,23.60146274,77.52801189,0.55098668,0.492366972,-0.492366972,0.826369339,20.29480345,9.228320039,7.999432786,Barley,Poaceae,Invernal,Subtropical,Media,39.64423252
Field_33,15/2/2023,23.60146274,77.52801189,0.66788141,0.680250079,-0.680250079,1.001683767,9.506839707,10.33798275,8.602471292,Barley,Poaceae,Invernal,Subtropical,Media,41.21956913
Field_33,3/2/2023,23.60146274,77.52801189,0.590656793,0.639196047,-0.639196047,0.885866791,12.39192331,11.71261392,8.008840563,Barley,Poaceae,Invernal,Subtropical,Media,38.88264595
Field_33,17/3/2023,23.60146274,77.52801189,0.543689515,0.600971496,-0.600971496,0.815404449,14.82350682,19.24313918,15.02610143,Barley,Poaceae,Invernal,Subtropical,Media,51.21408881
Field_33,4/1/2023,23.60146274,77.52801189,0.253046101,0.377036814,-0.377036814,0.379509349,29.22689506,12.12259309,5.607975871,Barley,Poaceae,Invernal,Subtropical,Media,29.95226094
Field_33,16/4/2023,23.60146274,77.52801189,0.193934174,0.316401766,-0.316401766,0.290860097,32.92688827,19.1403143,5.222257014,Barley,Poaceae,Invernal,Subtropical,Media,28.61687627
Field_33,5/1/2023,23.60146274,77.52801189,0.260882826,0.351338888,-0.351338888,0.391262426,30.45910794,13.97669863,5.738743972,Barley,Poaceae,Invernal,Subtropical,Media,30.65125136
Field_33,16/5/2023,23.60146274,77.52801189,0.238698446,0.325022509,-0.325022509,0.357989153,32.02950359,29.48489697,5.602331205,Barley,Poaceae,Invernal,Subtropical,Media,30.21307826
Field_33,31/5/2023,23.60146274,77.52801189,0.276480786,0.380591732,-0.380591732,0.414655443,28.80602992,11.95846984,5.809302299,Barley,Poaceae,Invernal,Subtropical,Media,30.79730906
Field_33,15/6/2023,23.60146274,77.52801189,0.234273196,0.355086017,-0.355086017,0.351355452,30.53952398,25.36075577,5.492260214,Barley,Poaceae,Invernal,Subtropical,Media,29.56625131
Field_33,29/8/2023,23.60146274,77.52801189,0.79917069,0.71146937,-0.71146937,1.198618609,6.571805389,27.88863419,16.94528794,Barley,Poaceae,Invernal,Subtropical,Media,58.4335122
Field_33,13/9/2023,23.60146274,77.52801189,0.79917069,0.71146937,-0.71146937,1.198618609,6.571805389,26.13321899,16.2970921,Barley,Poaceae,Invernal,Subtropical,Media,58.06836795
Field_33,13/10/2023,23.60146274,77.52801189,0.65059295,0.612993659,-0.612993659,0.975765975,13.11781134,14.9748755,8.606234402,Barley,Poaceae,Invernal,Subtropical,Media,41.60557876
Field_33,28/10/2023,23.60146274,77.52801189,0.540058136,0.562099212,-0.562099212,0.809976246,16.84558237,22.85783312,7.737896585,Barley,Poaceae,Invernal,Subtropical,Media,38.13149207
Field_33,11/12/2023,23.60146274,77.52801189,0.455368433,0.520293511,-0.520293511,0.68294903,19.84528943,10.89284389,14.59334369,Barley,Poaceae,Invernal,Subtropical,Media,48.82500216
Field_33,27/11/2023,23.60146274,77.52801189,0.367160525,0.397081046,-0.397081046,0.550657339,27.0379127,28.06585639,9.239377795,Barley,Poaceae,Invernal,Subtropical,Media,44.47456928
Field_33,12/12/2023,23.60146274,77.52801189,0.528929591,0.490196885,-0.490196885,0.793250124,20.63088388,7.083086957,7.807514135,Barley,Poaceae,Invernal,Subtropical,Media,38.83048249
Field_33,27/12/2023,23.60146274,77.52801189,0.528929591,0.490196885,-0.490196885,0.793250124,20.63088388,6.822004669,7.807514135,Barley,Poaceae,Invernal,Subtropical,Media,38.83048249
Field_34,1/1/2023,22.12689959,73.08389026,0.60054513,0.604864376,-0.604864376,0.900658925,14.04406013,8.707579224,8.178180549,Groundnut,Fabaceae,Estival,Subtropical,Media,39.80072292
Field_34,16/1/2023,22.12689959,73.08389026,0.564809901,0.577229969,-0.577229969,0.847070503,15.82015313,6.967994364,7.92417057,Groundnut,Fabaceae,Estival,Subtropical,Media,38.85134787
Field_34,31/1/2023,22.12689959,73.08389026,0.529384505,0.550400365,-0.550400365,0.793936939,17.55198511,9.56818749,14.9216751,Groundnut,Fabaceae,Estival,Subtropical,Media,51.39144458
Field_34,15/2/2023,22.12689959,73.08389026,0.50900086,0.548661637,-0.548661637,0.763367505,17.84894773,9.61013298,7.492353605,Groundnut,Fabaceae,Estival,Subtropical,Media,37.14038626
Field_34,3/2/2023,22.12689959,73.08389026,0.474690864,0.546112315,-0.546112315,0.711917212,18.32953093,14.76505238,7.191304741,Groundnut,Fabaceae,Estival,Subtropical,Media,35.85716505
Field_34,17/3/2023,22.12689959,73.08389026,0.472486092,0.523380503,-0.523380503,0.708614417,19.51283366,26.50706539,3.773459356,Groundnut,Fabaceae,Estival,Subtropical,Media,46.56110783
Field_34,4/1/2023,22.12689959,73.08389026,0.434837475,0.492131276,-0.492131276,0.652149347,21.49305636,14.71474115,6.96269576,Groundnut,Fabaceae,Estival,Subtropical,Media,35.16860733
Field_34,16/4/2023,22.12689959,73.08389026,0.411226658,0.485390985,-0.485390985,0.61674347,22.07837936,23.98707325,6.767013998,Groundnut,Fabaceae,Estival,Subtropical,Media,34.35485729
Field_34,5/1/2023,22.12689959,73.08389026,0.373017956,0.440882889,-0.440882889,0.559445893,24.74137794,13.73386023,13.47381822,Groundnut,Fabaceae,Estival,Subtropical,Media,46.26899243
Field_34,16/5/2023,22.12689959,73.08389026,0.35895279,0.433256375,-0.433256375,0.538353136,25.27446685,10.34912556,13.19064414,Groundnut,Fabaceae,Estival,Subtropical,Media,45.68476164
Field_34,31/5/2023,22.12689959,73.08389026,0.356693164,0.436949675,-0.436949675,0.53495987,25.10894807,19.36434516,6.393525251,Groundnut,Fabaceae,Estival,Subtropical,Media,33.00903992
Field_34,15/6/2023,22.12689959,73.08389026,0.25456852,0.302343602,-0.302343602,0.381793944,33.02550864,25.56044728,12.66757173,Groundnut,Fabaceae,Estival,Subtropical,Media,43.42086731
Field_34,28/9/2023,22.12689959,73.08389026,0.683771524,0.610146866,-0.610146866,1.02551923,12.92433241,22.46110587,15.86621592,Groundnut,Fabaceae,Estival,Subtropical,Media,56.94163714
Field_34,13/10/2023,22.12689959,73.08389026,0.637394283,0.56715529,-0.56715529,0.955962979,15.59331512,26.1040554,8.595885848,Groundnut,Fabaceae,Estival,Subtropical,Media,41.81423262
Field_34,28/10/2023,22.12689959,73.08389026,0.662306237,0.640293242,-0.640293242,0.993308483,11.60414895,16.10838248,8.646687843,Groundnut,Fabaceae,Estival,Subtropical,Media,41.62644415
Field_34,11/12/2023,22.12689959,73.08389026,0.622340486,0.632899719,-0.632899719,0.933374662,12.38985978,13.66911424,8.307067094,Groundnut,Fabaceae,Estival,Subtropical,Media,40.19716524
Field_34,27/11/2023,22.12689959,73.08389026,0.581497318,0.535958659,-0.535958659,0.872128569,17.75722013,10.07816775,15.43345817,Groundnut,Fabaceae,Estival,Subtropical,Media,53.91615623
Field_34,12/12/2023,22.12689959,73.08389026,0.65712276,0.616793296,-0.616793296,0.985531475,12.8570971,14.71691491,8.65609562,Groundnut,Fabaceae,Estival,Subtropical,Media,41.79336723
Field_34,27/12/2023,22.12689959,73.08389026,0.653216445,0.625670761,-0.625670761,0.979653247,12.44366964,8.295581396,8.599648958,Groundnut,Fabaceae,Estival,Subtropical,Media,41.50125184
Field_35,16/1/2023,10.90004055,79.83779179,0.476113606,0.443343774,-0.443343774,0.714031993,23.56281149,22.20461919,14.09755384,Groundnut,Fabaceae,Estival,Subtropical,Media,50.55682916
Field_35,31/1/2023,10.90004055,79.83779179,0.476113606,0.443343774,-0.443343774,0.714031993,23.56281149,18.25920929,5.653133201,Groundnut,Fabaceae,Estival,Subtropical,Media,47.95908866
Field_35,15/2/2023,10.90004055,79.83779179,0.434537995,0.400565867,-0.400565867,0.651692137,26.17184487,20.91274328,7.17531152,Groundnut,Fabaceae,Estival,Subtropical,Media,36.58745354
Field_35,3/2/2023,10.90004055,79.83779179,0.381504046,0.399499217,-0.399499217,0.572168829,26.76794175,19.14381571,14.01382462,Groundnut,Fabaceae,Estival,Subtropical,Media,47.54178095
Field_35,4/1/2023,10.90004055,79.83779179,0.370075906,0.38832159,-0.38832159,0.555031005,27.45543436,24.81459849,6.627778899,Groundnut,Fabaceae,Estival,Subtropical,Media,34.29226113
Field_35,16/4/2023,10.90004055,79.83779179,0.105283567,0.0895008,-0.0895008,0.157907774,45.41882078,20.42338375,4.963543147,Groundnut,Fabaceae,Estival,Subtropical,Media,29.56625131
Field_35,16/5/2023,10.90004055,79.83779179,0.17695032,0.165628396,-0.165628396,0.265397615,40.79948948,29.25438417,5.425464998,Groundnut,Fabaceae,Estival,Subtropical,Media,30.31740519
Field_35,31/5/2023,10.90004055,79.83779179,0.336731953,0.382509737,-0.382509737,0.50502703,28.0927506,27.8199993,13.8670633,Groundnut,Fabaceae,Estival,Subtropical,Media,45.99774242
Field_35,15/6/2023,10.90004055,79.83779179,0.333354215,0.377900093,-0.377900093,0.499958274,28.36263555,39.9820371,13.01848182,Groundnut,Fabaceae,Estival,Subtropical,Media,45.46567509
Field_35,30/6/2023,10.90004055,79.83779179,0.374741894,0.399759323,-0.399759323,0.562017631,26.82372059,35.57359082,14.09379073,Groundnut,Fabaceae,Estival,Subtropical,Media,47.3226944
Field_35,30/7/2023,10.90004055,79.83779179,0.326152167,0.378498518,-0.378498518,0.489161313,28.40563097,35.65772577,6.258053262,Groundnut,Fabaceae,Estival,Subtropical,Media,32.7482226
Field_35,13/9/2023,10.90004055,79.83779179,0.309926621,0.333287856,-0.333287856,0.464864095,30.87999443,26.33753113,8.022952228,Groundnut,Fabaceae,Estival,Subtropical,Media,43.26437691
Field_35,28/9/2023,10.90004055,79.83779179,0.045693945,0.03919236,-0.03919236,0.068532169,48.5963709,33.81056957,6.874262656,Groundnut,Fabaceae,Estival,Subtropical,Media,40.9796172
Field_35,13/10/2023,10.90004055,79.83779179,0.34253596,0.40196268,-0.40196268,0.513734126,27.0401227,24.18293832,13.71183498,Groundnut,Fabaceae,Estival,Subtropical,Media,45.83081934
Field_36,1/1/2023,16.08907029,78.02372726,0.445464474,0.429393446,-0.429393446,0.668113971,24.58819195,18.66173526,7.204475629,Groundnut,Fabaceae,Estival,Subtropical,Media,36.55615546
Field_36,16/1/2023,16.08907029,78.02372726,0.438841306,0.474299081,-0.474299081,0.658175153,22.36275553,17.85920238,14.53689703,Groundnut,Fabaceae,Estival,Subtropical,Media,48.87716562
Field_36,31/1/2023,16.08907029,78.02372726,0.380790424,0.442740358,-0.442740358,0.571113562,24.56714822,16.31154148,13.88117497,Groundnut,Fabaceae,Estival,Subtropical,Media,46.76976169
Field_36,15/2/2023,16.08907029,78.02372726,0.354573494,0.443626658,-0.443626658,0.5317978,24.78964009,22.90451377,6.358716476,Groundnut,Fabaceae,Estival,Subtropical,Media,32.82125145
Field_36,3/2/2023,16.08907029,78.02372726,0.359081576,0.467704656,-0.467704656,0.538561643,23.51407178,21.5233119,6.342723255,Groundnut,Fabaceae,Estival,Subtropical,Media,32.62303029
Field_36,17/3/2023,16.08907029,78.02372726,0.358074159,0.440399767,-0.440399767,0.537045758,24.91866741,23.30446119,13.35810257,Groundnut,Fabaceae,Estival,Subtropical,Media,45.63259817
Field_36,4/1/2023,16.08907029,78.02372726,0.347321413,0.453813175,-0.453813175,0.52092672,24.34353658,18.3508247,6.270283373,Groundnut,Fabaceae,Estival,Subtropical,Media,32.38307836
Field_36,16/4/2023,16.08907029,78.02372726,0.335724187,0.446550254,-0.446550254,0.503536002,24.83285409,39.48200671,6.183731824,Groundnut,Fabaceae,Estival,Subtropical,Media,32.04923219
Field_36,5/1/2023,16.08907029,78.02372726,0.323989256,0.411497863,-0.411497863,0.485933313,26.74262973,15.95344375,13.42207545,Groundnut,Fabaceae,Estival,Subtropical,Media,44.80841544
Field_36,16/5/2023,16.08907029,78.02372726,0.377998703,0.442447557,-0.442447557,0.566941032,24.61061139,29.55661447,6.571332237,Groundnut,Fabaceae,Estival,Subtropical,Media,33.74976111
Field_36,31/5/2023,16.08907029,78.02372726,0.335729787,0.429597264,-0.429597264,0.503543398,25.69849066,28.31691524,6.223244487,Groundnut,Fabaceae,Estival,Subtropical,Media,32.3204822
Field_36,15/6/2023,16.08907029,78.02372726,0.404015497,0.46177468,-0.46177468,0.605958502,23.35797778,37.10671802,6.758546999,Groundnut,Fabaceae,Estival,Subtropical,Media,34.44875152
Field_36,29/8/2023,16.08907029,78.02372726,0.358408518,0.428874352,-0.428874352,0.537537886,25.50379068,43.72120626,13.53779111,Groundnut,Fabaceae,Estival,Subtropical,Media,45.92471357
Field_36,28/9/2023,16.08907029,78.02372726,0.504269539,0.528728852,-0.528728852,0.756311645,18.91512321,32.47119316,14.12577717,Groundnut,Fabaceae,Estival,Subtropical,Media,50.31687723
Field_36,13/10/2023,16.08907029,78.02372726,0.513371284,0.515792454,-0.515792454,0.769965301,19.48275726,26.64211869,7.60901004,Groundnut,Fabaceae,Estival,Subtropical,Media,37.82894398
Field_36,28/10/2023,16.08907029,78.02372726,0.565410743,0.557996461,-0.557996461,0.848015009,16.7961638,30.203844,15.45603684,Groundnut,Fabaceae,Estival,Subtropical,Media,52.9563485
Field_36,12/12/2023,16.08907029,78.02372726,0.507503746,0.514427166,-0.514427166,0.761167617,19.6123993,22.25968283,7.559148822,Groundnut,Fabaceae,Estival,Subtropical,Media,37.62029013
Field_36,27/12/2023,16.08907029,78.02372726,0.392025416,0.456503424,-0.456503424,0.587963526,23.74960435,24.67428265,6.663528451,Groundnut,Fabaceae,Estival,Subtropical,Media,34.07317458
Field_37,1/1/2023,27.14495442,75.24209833,0.459946298,0.490602282,-0.490602282,0.689845103,21.31470022,5.107030253,7.190363963,Mustard,Brassicaceae,Invernal ,Subtropical seco,Baja,36.15971314
Field_37,16/1/2023,27.14495442,75.24209833,0.462209183,0.493334748,-0.493334748,0.693233794,21.15205802,11.5822368,7.204475629,Mustard,Brassicaceae,Invernal ,Subtropical seco,Baja,36.20144391
Field_37,31/1/2023,27.14495442,75.24209833,0.477412885,0.498226156,-0.498226156,0.716038998,20.74700783,13.52925127,14.53313391,Mustard,Brassicaceae,Invernal ,Subtropical seco,Baja,49.98303106
Field_37,15/2/2023,27.14495442,75.24209833,0.460806571,0.49197225,-0.49197225,0.691134765,21.23595781,7.548532889,7.195067852,Mustard,Brassicaceae,Invernal ,Subtropical seco,Baja,36.17014583
Field_37,3/2/2023,27.14495442,75.24209833,0.37720122,0.43883748,-0.43883748,0.565737733,24.80310233,13.56152114,6.572273014,Mustard,Brassicaceae,Invernal ,Subtropical seco,Baja,33.77062649
Field_37,17/3/2023,27.14495442,75.24209833,0.275373176,0.353587716,-0.353587716,0.413006188,30.19628487,24.96674004,12.99119926,Mustard,Brassicaceae,Invernal ,Subtropical seco,Baja,43.59822308
Field_37,4/1/2023,27.14495442,75.24209833,0.18173169,0.295637218,-0.295637218,0.27256746,34.11183928,13.98621045,5.162047242,Mustard,Brassicaceae,Invernal ,Subtropical seco,Baja,28.47081857
Field_37,16/4/2023,27.14495442,75.24209833,0.139575566,0.257890682,-0.257890682,0.209341838,36.46987758,11.30968093,4.874169265,Mustard,Brassicaceae,Invernal ,Subtropical seco,Baja,27.43798198
Field_37,5/1/2023,27.14495442,75.24209833,0.130249743,0.239782769,-0.239782769,0.195358173,37.48979018,6.96035108,4.833715824,Mustard,Brassicaceae,Invernal ,Subtropical seco,Baja,27.35452044
Field_37,16/5/2023,27.14495442,75.24209833,0.117439487,0.22471003,-0.22471003,0.176144853,38.39029966,23.12668085,12.01373123,Mustard,Brassicaceae,Invernal ,Subtropical seco,Baja,39.28952097
Field_37,31/5/2023,27.14495442,75.24209833,0.134281221,0.199905546,-0.199905546,0.201404615,39.48492252,28.80713386,12.02878368,Mustard,Brassicaceae,Invernal ,Subtropical seco,Baja,40.01980946
Field_37,15/6/2023,27.14495442,75.24209833,0.151889317,0.237877352,-0.237877352,0.227814925,37.36608687,33.50995335,12.37404909,Mustard,Brassicaceae,Invernal ,Subtropical seco,Baja,40.30149217
Field_37,30/6/2023,27.14495442,75.24209833,0.330632441,0.35565888,-0.35565888,0.49589651,29.52616624,30.35462284,13.27061024,Mustard,Brassicaceae,Invernal ,Subtropical seco,Baja,45.85168472
Field_37,14/8/2023,27.14495442,75.24209833,0.607312992,0.561996481,-0.561996481,0.910888679,16.16396289,30.19372918,15.21143464,Mustard,Brassicaceae,Invernal ,Subtropical seco,Baja,54.38562741
Field_37,29/8/2023,27.14495442,75.24209833,0.476515224,0.483518165,-0.483518165,0.714704937,21.50722981,26.82879959,14.66578357,Mustard,Brassicaceae,Invernal ,Subtropical seco,Baja,50.25428107
Field_37,13/9/2023,27.14495442,75.24209833,0.478645439,0.50923657,-0.50923657,0.717895829,20.17218005,16.11155669,14.13330339,Mustard,Brassicaceae,Invernal ,Subtropical seco,Baja,49.6387522
Field_37,28/9/2023,27.14495442,75.24209833,0.361040036,0.406353077,-0.406353077,0.541500676,26.62695005,23.31364234,6.50453702,Mustard,Brassicaceae,Invernal ,Subtropical seco,Baja,33.65586687
Field_37,13/10/2023,27.14495442,75.24209833,0.254876675,0.356814417,-0.356814417,0.382273094,30.24084357,20.38911681,5.671948755,Mustard,Brassicaceae,Invernal ,Subtropical seco,Baja,30.33827057
Field_37,28/10/2023,27.14495442,75.24209833,0.210025105,0.325472204,-0.325472204,0.315005311,32.29937738,11.61090799,6.412340805,Mustard,Brassicaceae,Invernal ,Subtropical seco,Baja,39.5294729
Field_37,11/12/2023,27.14495442,75.24209833,0.182314906,0.263871755,-0.263871755,0.273444222,35.72796633,13.16899154,5.242013346,Mustard,Brassicaceae,Invernal ,Subtropical seco,Baja,28.99245321
Field_37,27/11/2023,27.14495442,75.24209833,0.192727996,0.299998793,-0.299998793,0.289057699,33.77681429,20.37746919,12.14732167,Mustard,Brassicaceae,Invernal ,Subtropical seco,Baja,40.78139604
Field_37,12/12/2023,27.14495442,75.24209833,0.25316478,0.339068813,-0.339068813,0.379702078,31.16449505,8.749421144,5.698290531,Mustard,Brassicaceae,Invernal ,Subtropical seco,Baja,30.54692443
Field_37,27/12/2023,27.14495442,75.24209833,0.343636854,0.409960858,-0.409960858,0.515390404,26.62045748,10.3676058,6.3408417,Mustard,Brassicaceae,Invernal ,Subtropical seco,Baja,32.93601107
Field_38,31/1/2023,29.29597577,76.42519515,0.698404389,0.63852303,-0.63852303,1.047469664,11.32587785,14.2183133,15.59339038,Mustard,Brassicaceae,Invernal ,Subtropical seco,Baja,56.91033906
Field_38,15/2/2023,29.29597577,76.42519515,0.244210544,0.234131905,-0.234131905,0.366289819,36.61448071,14.35935163,5.865748961,Mustard,Brassicaceae,Invernal ,Subtropical seco,Baja,31.84057833
Field_38,3/2/2023,29.29597577,76.42519515,0.720614184,0.666307216,-0.666307216,1.080785421,9.680270015,12.44985106,9.106728139,Mustard,Brassicaceae,Invernal ,Subtropical seco,Baja,43.47303077
Field_38,17/3/2023,29.29597577,76.42519515,0.64892081,0.615958799,-0.615958799,0.973252481,12.98347566,16.95377595,12.24610332,Mustard,Brassicaceae,Invernal ,Subtropical seco,Baja,53.49884852
Field_38,4/1/2023,29.29597577,76.42519515,0.385285715,0.455494967,-0.455494967,0.577850425,23.86993227,7.492790679,3.860951682,Mustard,Brassicaceae,Invernal ,Subtropical seco,Baja,44.25548273
Field_38,16/4/2023,29.29597577,76.42519515,0.252161422,0.367569182,-0.367569182,0.378200612,29.71938881,19.53838415,5.623028315,Mustard,Brassicaceae,Invernal ,Subtropical seco,Baja,30.06702056
Field_38,5/1/2023,29.29597577,76.42519515,0.237755187,0.348198365,-0.348198365,0.356590211,30.85567648,13.91807433,12.41732487,Mustard,Brassicaceae,Invernal ,Subtropical seco,Baja,41.90812685
Field_38,16/5/2023,29.29597577,76.42519515,0.167413349,0.25137301,-0.25137301,0.251092209,36.51839459,28.17755979,12.57725708,Mustard,Brassicaceae,Invernal ,Subtropical seco,Baja,40.80226142
Field_38,31/5/2023,29.29597577,76.42519515,0.22506094,0.287677569,-0.287677569,0.33755271,34.07577754,14.36547881,12.30160921,Mustard,Brassicaceae,Invernal ,Subtropical seco,Baja,42.30456918
Field_38,15/6/2023,29.29597577,76.42519515,0.20932705,0.275121572,-0.275121572,0.313958517,34.87762988,25.17328129,12.87548361,Mustard,Brassicaceae,Invernal ,Subtropical seco,Baja,42.21067495
Field_38,30/6/2023,29.29597577,76.42519515,0.04075938,0.022513928,-0.022513928,0.061132596,49.49844061,28.47679245,11.4539685,Mustard,Brassicaceae,Invernal ,Subtropical seco,Baja,42.38803072
Field_38,14/8/2023,29.29597577,76.42519515,0.707910493,0.638911887,-0.638911887,1.061723088,11.20893648,30.75898298,11.36365384,Mustard,Brassicaceae,Invernal ,Subtropical seco,Baja,54.92812743
Field_38,29/8/2023,29.29597577,76.42519515,0.734740725,0.667559631,-0.667559631,1.101977198,9.472043676,31.17050057,9.229970018,Mustard,Brassicaceae,Invernal ,Subtropical seco,Baja,43.99466541
Field_38,13/9/2023,29.29597577,76.42519515,0.734473014,0.651438958,-0.651438958,1.101564127,10.29796978,26.35733467,16.23500077,Mustard,Brassicaceae,Invernal ,Subtropical seco,Baja,58.45437759
Field_38,28/9/2023,29.29597577,76.42519515,0.695652663,0.630048302,-0.630048302,1.043350317,11.78673754,14.9456206,8.969374595,Mustard,Brassicaceae,Invernal ,Subtropical seco,Baja,43.07658844
Field_38,13/10/2023,29.29597577,76.42519515,0.667496477,0.613577568,-0.613577568,1.001119432,12.91536078,22.02244593,8.755818057,Mustard,Brassicaceae,Invernal ,Subtropical seco,Baja,42.24197302
Field_38,28/10/2023,29.29597577,76.42519515,0.262718138,0.287061442,-0.287061442,0.39403288,33.72265146,25.69477437,5.906202402,Mustard,Brassicaceae,Invernal ,Subtropical seco,Baja,31.72581871
Field_38,11/12/2023,29.29597577,76.42519515,0.162512001,0.169152116,-0.169152116,0.243739121,40.76700968,6.371345134,5.288111453,Mustard,Brassicaceae,Invernal ,Subtropical seco,Baja,29.71230901
Field_38,27/11/2023,29.29597577,76.42519515,0.303857295,0.327082938,-0.327082938,0.455723486,31.25882991,16.72353653,2.430969578,Mustard,Brassicaceae,Invernal ,Subtropical seco,Baja,43.12875191
Field_38,12/12/2023,29.29597577,76.42519515,0.392457707,0.415576103,-0.415576103,0.588600817,25.83511731,14.51073584,6.763250887,Mustard,Brassicaceae,Invernal ,Subtropical seco,Baja,34.73043423
Field_38,27/12/2023,29.29597577,76.42519515,0.515116967,0.482406381,-0.482406381,0.772564547,21.16976762,12.00630516,14.30358416,Mustard,Brassicaceae,Invernal ,Subtropical seco,Baja,51.56880036
Field_39,16/1/2023,25.45841882,82.84785602,0.479432857,0.412415945,-0.412415945,0.719057582,25.10822255,11.1906691,15.02892376,Mustard,Brassicaceae,Invernal ,Subtropical seco,Baja,51.68355998
Field_39,31/1/2023,25.45841882,82.84785602,0.634898024,0.597731828,-0.597731828,0.952227716,14.05743741,12.44463002,8.501808078,Mustard,Brassicaceae,Invernal ,Subtropical seco,Baja,41.24043452
Field_39,15/2/2023,25.45841882,82.84785602,0.574152312,0.564845907,-0.564845907,0.861118993,16.3571246,6.439836074,8.036123116,Mustard,Brassicaceae,Invernal ,Subtropical seco,Baja,39.40428059
Field_39,3/2/2023,25.45841882,82.84785602,0.553436436,0.545138911,-0.545138911,0.830048091,17.57501858,8.105801391,14.89533333,Mustard,Brassicaceae,Invernal ,Subtropical seco,Baja,52.39298309
Field_39,17/3/2023,25.45841882,82.84785602,0.564393794,0.5710758,-0.5710758,0.84647293,16.13866154,21.15937678,14.95742466,Mustard,Brassicaceae,Invernal ,Subtropical seco,Baja,52.44514655
Field_39,4/1/2023,25.45841882,82.84785602,0.371136074,0.41330905,-0.41330905,0.55663397,26.16863809,5.296166435,13.46441045,Mustard,Brassicaceae,Invernal ,Subtropical seco,Baja,46.62370399
Field_39,16/4/2023,25.45841882,82.84785602,0.278310749,0.336344472,-0.336344472,0.417419286,31.04679918,22.94400833,5.929721845,Mustard,Brassicaceae,Invernal ,Subtropical seco,Baja,31.55889563
Field_39,5/1/2023,25.45841882,82.84785602,0.438179011,0.439198506,-0.439198506,0.657196539,24.16190824,11.59118358,14.49550281,Mustard,Brassicaceae,Invernal ,Subtropical seco,Baja,49.37793488
Field_39,16/5/2023,25.45841882,82.84785602,0.327625158,0.367056731,-0.367056731,0.491387876,28.97485518,10.79188055,6.298506704,Mustard,Brassicaceae,Invernal ,Subtropical seco,Baja,32.98817454
Field_39,31/5/2023,25.45841882,82.84785602,0.330046312,0.36283649,-0.36283649,0.495020699,29.16563216,29.35406397,6.329552368,Mustard,Brassicaceae,Invernal ,Subtropical seco,Baja,33.14466493
Field_39,15/6/2023,25.45841882,82.84785602,0.25358362,0.306879775,-0.306879775,0.380337652,32.80393045,27.49858441,13.15395381,Mustard,Brassicaceae,Invernal ,Subtropical seco,Baja,43.5773577
Field_39,29/8/2023,25.45841882,82.84785602,0.669101412,0.598081029,-0.598081029,1.003536418,13.6902908,25.16573879,15.4870825,Mustard,Brassicaceae,Invernal ,Subtropical seco,Baja,56.35740634
Field_39,28/9/2023,25.45841882,82.84785602,0.630063486,0.566089155,-0.566089155,0.944967498,15.72262513,14.93565351,8.532853742,Mustard,Brassicaceae,Invernal ,Subtropical seco,Baja,41.54298261
Field_39,13/10/2023,25.45841882,82.84785602,0.549312254,0.516092547,-0.516092547,0.823864311,19.10037264,22.45041969,7.928874458,Mustard,Brassicaceae,Invernal ,Subtropical seco,Baja,39.20605943
Field_39,28/10/2023,25.45841882,82.84785602,0.499625862,0.526763815,-0.526763815,0.749337697,19.06289188,28.12589651,14.88028089,Mustard,Brassicaceae,Invernal ,Subtropical seco,Baja,50.58812724
Field_39,11/12/2023,25.45841882,82.84785602,0.291369151,0.319963394,-0.319963394,0.437003285,31.74992484,14.98473501,12.89053605,Mustard,Brassicaceae,Invernal ,Subtropical seco,Baja,44.68322313
Field_39,27/11/2023,25.45841882,82.84785602,0.359475487,0.418795401,-0.418795401,0.539137684,26.00756915,10.00176792,13.3439909,Mustard,Brassicaceae,Invernal ,Subtropical seco,Baja,46.01860781
Field_39,12/12/2023,25.45841882,82.84785602,0.401663217,0.415388448,-0.415388448,0.602408054,25.75068508,7.665204213,6.846039325,Mustard,Brassicaceae,Invernal ,Subtropical seco,Baja,35.08514578
Field_39,27/12/2023,25.45841882,82.84785602,0.229598725,0.209623104,-0.209623104,0.344356796,38.01523586,8.750902041,12.45025209,Mustard,Brassicaceae,Invernal ,Subtropical seco,Baja,43.78601155
Field_40,1/1/2023,16.57005709,77.21934643,0.474657698,0.518955885,-0.518955885,0.711873246,19.71659566,20.05550259,7.255277625,Sunflower,Asteraceae,Estival (Kharif),Subtropical,Media,36.28490545
Field_40,16/1/2023,16.57005709,77.21934643,0.458384295,0.542684968,-0.542684968,0.68746639,18.6710832,16.87684813,13.69113787,Sunflower,Asteraceae,Estival (Kharif),Subtropical,Media,48.09471367
Field_40,31/1/2023,16.57005709,77.21934643,0.431699673,0.53510256,-0.53510256,0.647446353,19.33080077,22.97497784,13.63657277,Sunflower,Asteraceae,Estival (Kharif),Subtropical,Media,47.14533863
Field_40,15/2/2023,16.57005709,77.21934643,0.3398155,0.468358436,-0.468358436,0.509648259,23.67744895,19.57260282,6.168679381,Sunflower,Asteraceae,Estival (Kharif),Subtropical,Media,31.87187641
Field_40,3/2/2023,16.57005709,77.21934643,0.302397313,0.431299975,-0.431299975,0.4535329,25.95196316,22.67785167,5.922195623,Sunflower,Asteraceae,Estival (Kharif),Subtropical,Media,31.00596291
Field_40,17/3/2023,16.57005709,77.21934643,0.28953082,0.419180739,-0.419180739,0.434235911,26.70222816,25.92325114,12.68450573,Sunflower,Asteraceae,Estival (Kharif),Subtropical,Media,42.95139613
Field_40,4/1/2023,16.57005709,77.21934643,0.240921916,0.37759399,-0.37759399,0.361330274,29.32226594,23.85314765,5.498845658,Sunflower,Asteraceae,Estival (Kharif),Subtropical,Media,29.47235707
Field_40,16/4/2023,16.57005709,77.21934643,0.203717129,0.316158475,-0.316158475,0.305531207,32.83939967,32.57600884,5.310690118,Sunflower,Asteraceae,Estival (Kharif),Subtropical,Media,29.0028859
Field_40,5/1/2023,16.57005709,77.21934643,0.204466628,0.324140114,-0.324140114,0.306657211,32.42416776,20.69805527,16.44855731,Sunflower,Asteraceae,Estival (Kharif),Subtropical,Media,43.24351153
Field_40,16/5/2023,16.57005709,77.21934643,0.236996978,0.34336346,-0.34336346,0.355440357,31.11031135,20.56934965,5.544002988,Sunflower,Asteraceae,Estival (Kharif),Subtropical,Media,29.85836671
Field_40,31/5/2023,16.57005709,77.21934643,0.209519129,0.327109334,-0.327109334,0.314227646,32.22094587,38.75035272,5.337031894,Sunflower,Asteraceae,Estival (Kharif),Subtropical,Media,29.05504936
Field_40,15/6/2023,16.57005709,77.21934643,0.192802154,0.304892429,-0.304892429,0.289158219,33.5261665,37.52408557,5.239191013,Sunflower,Asteraceae,Estival (Kharif),Subtropical,Media,28.75250127
Field_40,30/6/2023,16.57005709,77.21934643,0.18226864,0.297195554,-0.297195554,0.273359109,34.02678004,35.85745898,12.35711509,Sunflower,Asteraceae,Estival (Kharif),Subtropical,Media,40.53101141
Field_40,28/9/2023,16.57005709,77.21934643,0.618193573,0.574819258,-0.574819258,0.927159676,15.39805383,37.52035254,15.38453773,Sunflower,Asteraceae,Estival (Kharif),Subtropical,Media,54.69860819
Field_40,13/10/2023,16.57005709,77.21934643,0.590547574,0.581733666,-0.581733666,0.885695369,15.32731908,24.11566238,8.143371774,Sunflower,Asteraceae,Estival (Kharif),Subtropical,Media,39.76942484
Field_40,28/10/2023,16.57005709,77.21934643,0.561805466,0.554124376,-0.554124376,0.84259194,17.03070963,28.53101518,7.951453123,Sunflower,Asteraceae,Estival (Kharif),Subtropical,Media,39.09129981
Field_40,11/12/2023,16.57005709,77.21934643,0.524354798,0.530517951,-0.530517951,0.786426579,18.61863582,20.36709863,14.94613532,Sunflower,Asteraceae,Estival (Kharif),Subtropical,Media,51.52706959
Field_40,27/11/2023,16.57005709,77.21934643,0.522256262,0.545243991,-0.545243991,0.783271941,17.88809193,27.09685643,7.618417817,Sunflower,Asteraceae,Estival (Kharif),Subtropical,Media,37.70375167
Field_40,12/12/2023,16.57005709,77.21934643,0.53846101,0.571089147,-0.571089147,0.807576969,16.40282824,16.77509801,7.70308781,Sunflower,Asteraceae,Estival (Kharif),Subtropical,Media,37.93327091
Field_40,27/12/2023,16.57005709,77.21934643,0.478442764,0.543390184,-0.543390184,0.717566667,18.43021717,22.25595884,7.231758182,Sunflower,Asteraceae,Estival (Kharif),Subtropical,Media,36.04495352
Field_41,1/1/2023,17.44770372,78.36495009,0.124404007,0.133580041,-0.133580041,0.186579427,42.97266744,24.85976508,5.031279141,Sunflower,Asteraceae,Estival (Kharif),Subtropical,Media,28.81509743
Field_41,16/1/2023,17.44770372,78.36495009,0.181514075,0.221048064,-0.221048064,0.272223699,37.92290997,17.10213208,12.38816076,Sunflower,Asteraceae,Estival (Kharif),Subtropical,Media,41.70990569
Field_41,31/1/2023,17.44770372,78.36495009,0.169283588,0.221670999,-0.221670999,0.253881768,38.01600861,17.16438644,12.03725068,Sunflower,Asteraceae,Estival (Kharif),Subtropical,Media,41.04221335
Field_41,15/2/2023,17.44770372,78.36495009,0.168826045,0.224062974,-0.224062974,0.253198446,37.89853672,23.72752942,5.21567157,Sunflower,Asteraceae,Estival (Kharif),Subtropical,Media,29.09678013
Field_41,3/2/2023,17.44770372,78.36495009,0.169984191,0.237084467,-0.237084467,0.254939562,37.22177437,22.29853642,5.194974461,Sunflower,Asteraceae,Estival (Kharif),Subtropical,Media,28.92985705
Field_41,17/3/2023,17.44770372,78.36495009,0.177776572,0.249895749,-0.249895749,0.266627207,36.48799172,23.4360473,14.39578037,Sunflower,Asteraceae,Estival (Kharif),Subtropical,Media,42.23154033
Field_41,4/1/2023,17.44770372,78.36495009,0.173465188,0.234273745,-0.234273745,0.260162493,37.32975112,18.22629814,5.232605569,Sunflower,Asteraceae,Estival (Kharif),Subtropical,Media,29.10721283
Field_41,16/4/2023,17.44770372,78.36495009,0.212072262,0.274419612,-0.274419612,0.318067239,34.8854385,21.64525419,5.483793215,Sunflower,Asteraceae,Estival (Kharif),Subtropical,Media,29.97312633
Field_41,5/1/2023,17.44770372,78.36495009,0.180045202,0.235530252,-0.235530252,0.270032469,37.19838755,24.58034196,12.44648897,Sunflower,Asteraceae,Estival (Kharif),Subtropical,Media,41.45952107
Field_41,16/5/2023,17.44770372,78.36495009,0.175555933,0.18583854,-0.18583854,0.263304757,39.78171188,39.10482673,5.365255225,Sunflower,Asteraceae,Estival (Kharif),Subtropical,Media,29.95226094
Field_41,31/5/2023,17.44770372,78.36495009,0.192740788,0.234378309,-0.234378309,0.289076544,37.12755238,39.25476876,5.404767888,Sunflower,Asteraceae,Estival (Kharif),Subtropical,Media,29.85836671
Field_41,15/6/2023,17.44770372,78.36495009,0.173111053,0.202763331,-0.202763331,0.259636695,38.94242736,36.6528987,5.304104674,Sunflower,Asteraceae,Estival (Kharif),Subtropical,Media,29.58711669
Field_41,28/9/2023,17.44770372,78.36495009,0.247796921,0.273403419,-0.273403419,0.371646383,34.57247831,36.64552076,23.47804829,Sunflower,Asteraceae,Estival (Kharif),Subtropical,Media,49.60745412
Field_41,13/10/2023,17.44770372,78.36495009,0.224710159,0.244241074,-0.244241074,0.337019942,36.29741732,24.84733746,5.667244867,Sunflower,Asteraceae,Estival (Kharif),Subtropical,Media,30.93293406
Field_41,28/10/2023,17.44770372,78.36495009,0.230703639,0.26761673,-0.26761673,0.346004644,35.04254352,24.58392608,5.666304089,Sunflower,Asteraceae,Estival (Kharif),Subtropical,Media,30.79730906
Field_41,12/12/2023,17.44770372,78.36495009,0.192119141,0.203428999,-0.203428999,0.28813556,38.71430821,22.74075349,5.472503883,Sunflower,Asteraceae,Estival (Kharif),Subtropical,Media,30.31740519
Field_42,1/1/2023,19.03643687,74.62782859,0.322205687,0.468494129,-0.468494129,0.483235504,23.85036666,20.72644987,6.011569505,Sunflower,Asteraceae,Estival (Kharif),Subtropical,Media,31.18331869
Field_42,16/1/2023,19.03643687,74.62782859,0.310931045,0.472163724,-0.472163724,0.46632649,23.77812758,17.7677489,5.901498514,Sunflower,Asteraceae,Estival (Kharif),Subtropical,Media,30.69298213
Field_42,31/1/2023,19.03643687,74.62782859,0.309062103,0.465851283,-0.465851283,0.463525032,24.11955569,21.18339955,5.899616959,Sunflower,Asteraceae,Estival (Kharif),Subtropical,Media,30.72428021
Field_42,15/2/2023,19.03643687,74.62782859,0.276209163,0.433396793,-0.433396793,0.414254977,26.11234676,19.92829836,5.68229731,Sunflower,Asteraceae,Estival (Kharif),Subtropical,Media,29.96269363
Field_42,3/2/2023,19.03643687,74.62782859,0.231040935,0.35701853,-0.35701853,0.34651382,30.47385207,17.82459625,5.458392217,Sunflower,Asteraceae,Estival (Kharif),Subtropical,Media,29.40976092
Field_42,17/3/2023,19.03643687,74.62782859,0.246703032,0.398857547,-0.398857547,0.370000434,28.17741399,35.40808126,12.40885787,Sunflower,Asteraceae,Estival (Kharif),Subtropical,Media,41.45952107
Field_42,4/1/2023,19.03643687,74.62782859,0.213446064,0.345955911,-0.345955911,0.320125294,31.21845195,23.71392641,5.327624117,Sunflower,Asteraceae,Estival (Kharif),Subtropical,Media,28.90899166
Field_42,16/4/2023,19.03643687,74.62782859,0.228488541,0.334682877,-0.334682877,0.342684936,31.64047545,39.42964692,5.488497104,Sunflower,Asteraceae,Estival (Kharif),Subtropical,Media,29.66014554
Field_42,5/1/2023,19.03643687,74.62782859,0.244118715,0.353935515,-0.353935515,0.366132451,30.49772259,23.94315381,5.582574874,Sunflower,Asteraceae,Estival (Kharif),Subtropical,Media,29.96269363
Field_42,16/5/2023,19.03643687,74.62782859,0.228364281,0.333721105,-0.333721105,0.342501511,31.69085676,26.44508403,5.489437881,Sunflower,Asteraceae,Estival (Kharif),Subtropical,Media,29.67057824
Field_42,31/5/2023,19.03643687,74.62782859,0.197661033,0.312601158,-0.312601158,0.29645184,33.08290198,20.56186082,5.264592011,Sunflower,Asteraceae,Estival (Kharif),Subtropical,Media,28.81509743
Field_42,15/6/2023,19.03643687,74.62782859,0.279113087,0.347560198,-0.347560198,0.41861375,30.46588105,37.01969929,5.910906291,Sunflower,Asteraceae,Estival (Kharif),Subtropical,Media,31.41283793
Field_42,28/9/2023,19.03643687,74.62782859,0.512330467,0.525164855,-0.525164855,0.768374349,19.01479126,37.80765333,25.22695403,Sunflower,Asteraceae,Estival (Kharif),Subtropical,Media,56.8477429
Field_42,13/10/2023,19.03643687,74.62782859,0.483099199,0.520521699,-0.520521699,0.724540057,19.55042636,24.22891039,7.32677673,Sunflower,Asteraceae,Estival (Kharif),Subtropical,Media,36.58745354
Field_42,28/10/2023,19.03643687,74.62782859,0.440736957,0.502897794,-0.502897794,0.661004892,20.88302023,26.58357426,2.527869681,Sunflower,Asteraceae,Estival (Kharif),Subtropical,Media,35.22077079
Field_42,11/12/2023,19.03643687,74.62782859,0.42008472,0.538907975,-0.538907975,0.63002676,19.25510169,21.28912378,6.720915891,Sunflower,Asteraceae,Estival (Kharif),Subtropical,Media,33.86452073
Field_42,27/11/2023,19.03643687,74.62782859,0.389996944,0.506428473,-0.506428473,0.584907454,21.22092966,34.45083647,13.6224611,Sunflower,Asteraceae,Estival (Kharif),Subtropical,Media,45.97687703
Field_42,12/12/2023,19.03643687,74.62782859,0.422168195,0.493661218,-0.493661218,0.633146681,21.54432061,22.62821326,6.845098547,Sunflower,Asteraceae,Estival (Kharif),Subtropical,Media,34.65740538
Field_42,27/12/2023,19.03643687,74.62782859,0.395910375,0.494988586,-0.494988586,0.593764243,21.74470716,18.31558436,6.608022567,Sunflower,Asteraceae,Estival (Kharif),Subtropical,Media,33.6141361
Field_43,1/1/2023,12.80744668,77.70019499,0.406750169,0.425734773,-0.425734773,0.610026994,25.1704041,24.78658951,6.867677212,Ragi,Poaceae,Estival,Tropical seco,Baja,35.11644386
Field_43,16/1/2023,12.80744668,77.70019499,0.376114452,0.405521005,-0.405521005,0.564079797,26.51548617,17.08950715,6.640949786,Ragi,Poaceae,Estival,Tropical seco,Baja,34.25053036
Field_43,31/1/2023,12.80744668,77.70019499,0.348701359,0.386641251,-0.386641251,0.522967495,27.7595354,16.21132824,13.33270157,Ragi,Poaceae,Estival,Tropical seco,Baja,46.10206935
Field_43,15/2/2023,12.80744668,77.70019499,0.316118897,0.371126884,-0.371126884,0.474105037,28.88452734,21.1930898,6.185613379,Ragi,Poaceae,Estival,Tropical seco,Baja,32.47697259
Field_43,3/2/2023,12.80744668,77.70019499,0.308120882,0.380561141,-0.380561141,0.462113336,28.48445566,20.17317743,6.092476387,Ragi,Poaceae,Estival,Tropical seco,Baja,32.01793411
Field_43,17/3/2023,12.80744668,77.70019499,0.290705755,0.324789346,-0.324789346,0.435998183,31.51026579,20.3526356,12.9008846,Ragi,Poaceae,Estival,Tropical seco,Baja,44.5893289
Field_43,4/1/2023,12.80744668,77.70019499,0.281125515,0.322347698,-0.322347698,0.421629795,31.73278878,15.16690214,12.8378525,Ragi,Poaceae,Estival,Tropical seco,Baja,44.22418465
Field_43,16/4/2023,12.80744668,77.70019499,0.326318106,0.375587341,-0.375587341,0.489411927,28.55259368,37.81902217,6.266520262,Ragi,Poaceae,Estival,Tropical seco,Baja,32.80038607
Field_43,5/1/2023,12.80744668,77.70019499,0.305070322,0.352851793,-0.352851793,0.457544783,29.93057108,21.31048546,14.72505257,Ragi,Poaceae,Estival,Tropical seco,Baja,45.71605972
Field_43,16/5/2023,12.80744668,77.70019499,0.386680123,0.389273188,-0.389273188,0.579948674,27.23726487,22.66235294,6.773599442,Ragi,Poaceae,Estival,Tropical seco,Baja,34.9182227
Field_43,31/5/2023,12.80744668,77.70019499,0.425887392,0.417008358,-0.417008358,0.638749283,25.42056697,35.04282898,20.05267668,Ragi,Poaceae,Estival,Tropical seco,Baja,41.89769416
Field_43,14/8/2023,12.80744668,77.70019499,0.241003077,0.236822523,-0.236822523,0.361468641,36.50984344,35.98318945,3.45265416,Ragi,Poaceae,Estival,Tropical seco,Baja,42.10634802
Field_43,13/10/2023,12.80744668,77.70019499,0.417128728,0.414796368,-0.414796368,0.625607272,25.62297195,38.53296296,6.986215202,Ragi,Poaceae,Estival,Tropical seco,Baja,35.69024196
Field_43,28/10/2023,12.80744668,77.70019499,0.392555427,0.396676866,-0.396676866,0.588753816,26.79919695,36.87515252,14.12954028,Ragi,Poaceae,Estival,Tropical seco,Baja,48.07384828
Field_43,11/12/2023,12.80744668,77.70019499,0.402437293,0.405826245,-0.405826245,0.60356995,26.23106744,17.4184869,13.9893644,Ragi,Poaceae,Estival,Tropical seco,Baja,48.24077137
Field_43,27/11/2023,12.80744668,77.70019499,0.402437293,0.405826245,-0.405826245,0.60356995,26.23106744,22.09335787,14.03075862,Ragi,Poaceae,Estival,Tropical seco,Baja,48.26163675
Field_44,1/1/2023,14.59792549,79.69517334,0.425981636,0.388343826,-0.388343826,0.638880889,26.88334074,22.66965515,7.127331857,Ragi,Poaceae,Estival,Tropical seco,Baja,36.45182854
Field_44,16/1/2023,14.59792549,79.69517334,0.420855723,0.395899829,-0.395899829,0.63118152,26.54984852,19.13726789,7.063358974,Ragi,Poaceae,Estival,Tropical seco,Baja,36.12841506
Field_44,31/1/2023,14.59792549,79.69517334,0.426884637,0.40771115,-0.40771115,0.640234182,25.88513828,16.21594323,14.13330339,Ragi,Poaceae,Estival,Tropical seco,Baja,49.23187718
Field_44,15/2/2023,14.59792549,79.69517334,0.428413093,0.424174867,-0.424174867,0.64252607,25.02881898,18.55722719,7.064299752,Ragi,Poaceae,Estival,Tropical seco,Baja,35.98235736
Field_44,3/2/2023,14.59792549,79.69517334,0.368574757,0.399863218,-0.399863218,0.552850541,26.88139945,22.86579818,13.93762163,Ragi,Poaceae,Estival,Tropical seco,Baja,46.99928093
Field_44,17/3/2023,14.59792549,79.69517334,0.323128123,0.366394729,-0.366394729,0.484631856,29.05458751,20.49936288,12.98931771,Ragi,Poaceae,Estival,Tropical seco,Baja,45.23615585
Field_44,4/1/2023,14.59792549,79.69517334,0.288215325,0.341924956,-0.341924956,0.432276831,30.66068109,20.89451035,1.065901134,Ragi,Poaceae,Estival,Tropical seco,Baja,31.86144372
Field_44,16/4/2023,14.59792549,79.69517334,0.253935778,0.3415011,-0.3415011,0.380860783,31.03241774,33.36834124,13.18594025,Ragi,Poaceae,Estival,Tropical seco,Baja,43.06615575
Field_44,5/1/2023,14.59792549,79.69517334,0.262193399,0.355529005,-0.355529005,0.393240718,30.23175757,16.32207396,8.498044967,Ragi,Poaceae,Estival,Tropical seco,Baja,41.07351143
Field_44,16/5/2023,14.59792549,79.69517334,0.204379692,0.267620831,-0.267620831,0.30656796,35.31117723,21.25344788,5.431109664,Ragi,Poaceae,Estival,Tropical seco,Baja,29.78533786
Field_44,31/5/2023,14.59792549,79.69517334,0.215183992,0.255591378,-0.255591378,0.322737587,35.81511072,28.54504483,12.93757493,Ragi,Poaceae,Estival,Tropical seco,Baja,42.77404035
Field_44,15/7/2023,14.59792549,79.69517334,0.424618572,0.39045318,-0.39045318,0.636844513,26.78954871,38.281492,3.160072295,Ragi,Poaceae,Estival,Tropical seco,Baja,46.79062707
Field_44,14/8/2023,14.59792549,79.69517334,0.499336447,0.491068822,-0.491068822,0.748907285,20.88859001,44.69102207,14.65919813,Ragi,Poaceae,Estival,Tropical seco,Baja,51.01586764
Field_44,29/8/2023,14.59792549,79.69517334,0.423633921,0.401416973,-0.401416973,0.635387779,26.23974561,41.92446173,13.87364875,Ragi,Poaceae,Estival,Tropical seco,Baja,49.06495409
Field_44,13/9/2023,14.59792549,79.69517334,0.306726298,0.352398469,-0.352398469,0.460053345,29.9368075,34.44083943,13.59141544,Ragi,Poaceae,Estival,Tropical seco,Baja,45.163127
Field_44,28/9/2023,14.59792549,79.69517334,0.242714316,0.329072274,-0.329072274,0.364019779,31.78169128,30.16737445,12.71178829,Ragi,Poaceae,Estival,Tropical seco,Baja,42.5653865
Field_44,13/10/2023,14.59792549,79.69517334,0.226366991,0.25709274,-0.25709274,0.339510263,35.62423405,24.60191374,5.652192423,Ragi,Poaceae,Estival,Tropical seco,Baja,30.79730906
Field_44,28/10/2023,14.59792549,79.69517334,0.332339497,0.35427346,-0.35427346,0.49844231,29.57947789,39.0918298,13.64127665,Ragi,Poaceae,Estival,Tropical seco,Baja,46.14380012
Field_44,11/12/2023,14.59792549,79.69517334,0.144700198,0.101247021,-0.101247021,0.217034027,44.41645031,18.99258877,12.07111867,Ragi,Poaceae,Estival,Tropical seco,Baja,41.9915884
Field_44,12/12/2023,14.59792549,79.69517334,0.17920583,0.189147928,-0.189147928,0.268773325,39.57544415,21.89989979,5.390656223,Ragi,Poaceae,Estival,Tropical seco,Baja,30.03572248
Field_45,1/1/2023,30.48401993,79.4899811,0.458261857,0.522988997,-0.522988997,0.687255428,19.67809597,4.26956818,7.29384951,Ragi,Poaceae,Estival,Tropical seco,Baja,46.01860781
Field_45,16/1/2023,30.48401993,79.4899811,0.438839458,0.501936775,-0.501936775,0.658111868,20.95147294,-4.00346956,6.97492587,Ragi,Poaceae,Estival,Tropical seco,Baja,35.16860733
Field_45,31/1/2023,30.48401993,79.4899811,0.473703083,0.533152811,-0.533152811,0.71037041,19.00138793,-1.301647576,7.212942628,Ragi,Poaceae,Estival,Tropical seco,Baja,36.02408813
Field_45,15/2/2023,30.48401993,79.4899811,0.404725148,0.47522475,-0.47522475,0.606962212,22.66391088,-4.321159155,6.733146001,Ragi,Poaceae,Estival,Tropical seco,Baja,34.27139575
Field_45,3/2/2023,30.48401993,79.4899811,0.408713711,0.478007964,-0.478007964,0.612948045,22.48105311,-0.909798948,6.76231011,Ragi,Poaceae,Estival,Tropical seco,Baja,34.37572268
Field_45,17/3/2023,30.48401993,79.4899811,0.347174579,0.40204338,-0.40204338,0.520672422,26.98862818,16.9968956,5.396300889,Ragi,Poaceae,Estival,Tropical seco,Baja,33.1863957
Field_45,4/1/2023,30.48401993,79.4899811,0.412485513,0.457498593,-0.457498593,0.618620594,23.48983026,-4.790524835,13.96490418,Ragi,Poaceae,Estival,Tropical seco,Baja,47.80259827
Field_45,16/4/2023,30.48401993,79.4899811,0.407054324,0.44886455,-0.44886455,0.610489293,23.98619031,7.704959381,6.815934439,Ragi,Poaceae,Estival,Tropical seco,Baja,34.772165
Field_45,5/1/2023,30.48401993,79.4899811,0.447213475,0.455958238,-0.455958238,0.670724489,23.21381522,-1.151540475,14.11448784,Ragi,Poaceae,Estival,Tropical seco,Baja,49.25274256
Field_45,16/5/2023,30.48401993,79.4899811,0.452130672,0.458173889,-0.458173889,0.67810538,23.05045571,6.145163746,7.196949407,Ragi,Poaceae,Estival,Tropical seco,Baja,36.36836699
Field_45,31/5/2023,30.48401993,79.4899811,0.453519186,0.45501892,-0.45501892,0.680188507,23.19738149,8.114992592,7.216705739,Ragi,Poaceae,Estival,Tropical seco,Baja,36.46226123
Field_45,15/6/2023,30.48401993,79.4899811,0.50995481,0.49651671,-0.49651671,0.764832286,20.50195303,27.40410197,14.77115067,Ragi,Poaceae,Estival,Tropical seco,Baja,51.40187727
Field_45,29/8/2023,30.48401993,79.4899811,0.684365033,0.579431581,-0.579431581,1.026423942,14.48672771,28.97156272,8.987249371,Ragi,Poaceae,Estival,Tropical seco,Baja,43.4313
Field_45,28/9/2023,30.48401993,79.4899811,0.673421586,0.600918311,-0.600918311,1.009892407,13.50128537,20.03953428,8.838606494,Ragi,Poaceae,Estival,Tropical seco,Baja,42.66971343
Field_45,13/10/2023,30.48401993,79.4899811,0.624391288,0.576173077,-0.576173077,0.936453799,15.26562544,10.46123309,8.458532303,Ragi,Poaceae,Estival,Tropical seco,Baja,41.16740567
Field_45,28/10/2023,30.48401993,79.4899811,0.596917938,0.575172443,-0.575172443,0.895235714,15.59730403,3.803891318,8.215811657,Ragi,Poaceae,Estival,Tropical seco,Baja,40.12413639
Field_45,11/12/2023,30.48401993,79.4899811,0.568802536,0.565810398,-0.565810398,0.853052506,16.36251005,-0.304771105,7.986261898,Ragi,Poaceae,Estival,Tropical seco,Baja,39.18519404
Field_45,27/11/2023,30.48401993,79.4899811,0.551333009,0.574150201,-0.574150201,0.826844033,16.11505732,14.13338302,18.15795039,Ragi,Poaceae,Estival,Tropical seco,Baja,53.66577161
Field_45,12/12/2023,30.48401993,79.4899811,0.527321618,0.556079903,-0.556079903,0.790825724,17.28303104,-3.526391997,14.29041327,Ragi,Poaceae,Estival,Tropical seco,Baja,50.86980994
Field_45,27/12/2023,30.48401993,79.4899811,0.44789647,0.495814123,-0.495814123,0.671731393,21.1716242,3.014986768,7.069944418,Ragi,Poaceae,Estival,Tropical seco,Baja,35.60678042
Field_46,1/1/2023,19.01429118,74.58043055,0.296095778,0.441503956,-0.441503956,0.444074929,25.49526009,22.14125464,5.841288741,Sorghum,Poaceae,Estival,Tropical seco,Baja,30.59908789
Field_46,16/1/2023,19.01429118,74.58043055,0.277791048,0.443280949,-0.443280949,0.416623145,25.59146294,21.12285564,5.673830311,Sorghum,Poaceae,Estival,Tropical seco,Baja,29.8687994
Field_46,31/1/2023,19.01429118,74.58043055,0.267775234,0.442309844,-0.442309844,0.401604107,25.74334204,20.92486812,5.586337984,Sorghum,Poaceae,Estival,Tropical seco,Baja,29.49322246
Field_46,15/2/2023,19.01429118,74.58043055,0.234091819,0.405259611,-0.405259611,0.35108676,27.97929337,24.77023725,5.372781446,Sorghum,Poaceae,Estival,Tropical seco,Baja,28.77336666
Field_46,3/2/2023,19.01429118,74.58043055,0.196576208,0.335184211,-0.335184211,0.29482353,31.94079175,23.91992836,5.202500683,Sorghum,Poaceae,Estival,Tropical seco,Baja,28.4290878
Field_46,17/3/2023,19.01429118,74.58043055,0.206295828,0.380064654,-0.380064654,0.309398642,29.54973495,34.76275644,12.37969376,Sorghum,Poaceae,Estival,Tropical seco,Baja,40.17629986
Field_46,4/1/2023,19.01429118,74.58043055,0.17583241,0.331171198,-0.331171198,0.263711825,32.35756757,19.28097884,5.025634475,Sorghum,Poaceae,Estival,Tropical seco,Baja,27.68836661
Field_46,16/4/2023,19.01429118,74.58043055,0.163971822,0.304390548,-0.304390548,0.245921352,33.84623526,35.8161121,4.983299478,Sorghum,Poaceae,Estival,Tropical seco,Baja,27.64663584
Field_46,5/1/2023,19.01429118,74.58043055,-0.035893375,-0.075635975,0.075635975,-0.053838511,55.2932486,19.20324707,4.090501441,Sorghum,Poaceae,Estival,Tropical seco,Baja,32.59173221
Field_46,16/5/2023,19.01429118,74.58043055,0.147492811,0.293463576,-0.293463576,0.221208924,34.57251228,33.21354086,11.91306802,Sorghum,Poaceae,Estival,Tropical seco,Baja,39.00783826
Field_46,31/5/2023,19.01429118,74.58043055,0.13768049,0.280064771,-0.280064771,0.206489113,35.35692584,25.17391631,4.805492493,Sorghum,Poaceae,Estival,Tropical seco,Baja,27.01024158
Field_46,15/6/2023,19.01429118,74.58043055,0.138192478,0.270415065,-0.270415065,0.207257898,35.84445311,37.18740332,4.832775046,Sorghum,Poaceae,Estival,Tropical seco,Baja,27.18759736
Field_46,28/9/2023,19.01429118,74.58043055,0.496730659,0.504670938,-0.504670938,0.744956761,20.22061908,27.05534205,31.058835,Sorghum,Poaceae,Estival,Tropical seco,Baja,59.80019495
Field_46,13/10/2023,19.01429118,74.58043055,0.466422943,0.495503661,-0.495503661,0.699522029,20.99826924,29.84458025,7.236462071,Sorghum,Poaceae,Estival,Tropical seco,Baja,36.33706892
Field_46,28/10/2023,19.01429118,74.58043055,0.37067504,0.454348552,-0.454348552,0.555926109,24.07769025,37.20187357,2.367937472,Sorghum,Poaceae,Estival,Tropical seco,Baja,33.28028993
Field_46,11/12/2023,19.01429118,74.58043055,0.352606356,0.495850932,-0.495850932,0.5288257,22.14293054,19.47664058,12.84537872,Sorghum,Poaceae,Estival,Tropical seco,Baja,44.27634811
Field_46,27/11/2023,19.01429118,74.58043055,0.343949766,0.493297817,-0.493297817,0.515844038,22.36171241,29.57132723,12.77952428,Sorghum,Poaceae,Estival,Tropical seco,Baja,43.94250194
Field_46,12/12/2023,19.01429118,74.58043055,0.397501262,0.485948418,-0.485948418,0.596145021,22.19009014,17.69154148,6.642831342,Sorghum,Poaceae,Estival,Tropical seco,Baja,33.82278996
Field_46,27/12/2023,19.01429118,74.58043055,0.393237424,0.50532438,-0.50532438,0.589750117,21.24421489,15.6983697,6.559102127,Sorghum,Poaceae,Estival,Tropical seco,Baja,33.35331878
Field_47,1/1/2023,13.64312739,77.7996242,0.336426272,0.364335821,-0.364335821,0.504603069,29.02391204,19.32245073,6.383176697,Sorghum,Poaceae,Estival,Tropical seco,Baja,33.36375148
Field_47,16/1/2023,13.64312739,77.7996242,0.295175441,0.349050917,-0.349050917,0.442773053,30.22571563,26.48467346,6.051082168,Sorghum,Poaceae,Estival,Tropical seco,Baja,32.01793411
Field_47,31/1/2023,13.64312739,77.7996242,0.262394988,0.327312194,-0.327312194,0.393616331,31.67057246,23.63405409,12.83879328,Sorghum,Poaceae,Estival,Tropical seco,Baja,43.42086731
Field_47,15/2/2023,13.64312739,77.7996242,0.217037061,0.309713158,-0.309713158,0.325595971,33.03249093,17.58651676,5.445221329,Sorghum,Poaceae,Estival,Tropical seco,Baja,29.60798208
Field_47,3/2/2023,13.64312739,77.7996242,0.205423431,0.306911507,-0.306911507,0.308127169,33.29416403,17.70074838,5.347380449,Sorghum,Poaceae,Estival,Tropical seco,Baja,29.21153975
Field_47,17/3/2023,13.64312739,77.7996242,0.16374571,0.272539421,-0.272539421,0.24573921,35.47500232,27.57242676,12.24892566,Sorghum,Poaceae,Estival,Tropical seco,Baja,40.14500178
Field_47,4/1/2023,13.64312739,77.7996242,0.212232447,0.293971076,-0.293971076,0.318342328,33.88541936,24.85232392,5.438635885,Sorghum,Poaceae,Estival,Tropical seco,Baja,29.67057824
Field_47,16/4/2023,13.64312739,77.7996242,0.189192036,0.287355512,-0.287355512,0.283800709,34.45854779,28.51462686,5.24859879,Sorghum,Poaceae,Estival,Tropical seco,Baja,28.88812628
Field_47,5/1/2023,13.64312739,77.7996242,0.135418455,0.254658719,-0.254658719,0.203743562,36.67737179,17.3017555,7.229876627,Sorghum,Poaceae,Estival,Tropical seco,Baja,37.75591513
Field_47,16/5/2023,13.64312739,77.7996242,0.244816501,0.317936802,-0.317936802,0.367213515,32.32884782,37.24818219,5.673830311,Sorghum,Poaceae,Estival,Tropical seco,Baja,30.55735712
Field_47,31/5/2023,13.64312739,77.7996242,0.247130764,0.318406802,-0.318406802,0.370678768,32.28121227,32.06223086,5.693586642,Sorghum,Poaceae,Estival,Tropical seco,Baja,30.64081866
Field_47,15/6/2023,13.64312739,77.7996242,0.166353606,0.229394905,-0.229394905,0.249515929,37.65151572,38.83113611,5.180862796,Sorghum,Poaceae,Estival,Tropical seco,Baja,28.90899166
Field_47,14/8/2023,13.64312739,77.7996242,0.310287694,0.341381553,-0.341381553,0.465377776,30.4630073,44.39079928,1.30485867,Sorghum,Poaceae,Estival,Tropical seco,Baja,43.14961729
Field_47,28/9/2023,13.64312739,77.7996242,0.408682616,0.369017553,-0.369017553,0.612960976,28.04689739,29.64808653,13.81437975,Sorghum,Poaceae,Estival,Tropical seco,Baja,48.96062717
Field_47,13/10/2023,13.64312739,77.7996242,0.441675156,0.428532478,-0.428532478,0.662459161,24.67085655,28.91960615,7.173429965,Sorghum,Poaceae,Estival,Tropical seco,Baja,36.42053046
Field_47,28/10/2023,13.64312739,77.7996242,0.383317733,0.414131269,-0.414131269,0.574921346,26.00224227,34.70964428,13.8209652,Sorghum,Poaceae,Estival,Tropical seco,Baja,47.28096363
Field_47,12/12/2023,13.64312739,77.7996242,0.377446125,0.388204183,-0.388204183,0.566095715,27.38615859,19.07744142,6.693633338,Sorghum,Poaceae,Estival,Tropical seco,Baja,34.57394384
Field_47,27/12/2023,13.64312739,77.7996242,0.244697747,0.252575926,-0.252575926,0.366920046,35.66767261,19.02723926,5.826236298,Sorghum,Poaceae,Estival,Tropical seco,Baja,31.57976101
Field_48,1/1/2023,23.33313708,77.20419754,0.746463714,0.684081724,-0.684081724,1.119560994,8.508627967,6.183541032,9.295824457,Sorghum,Poaceae,Estival,Tropical seco,Baja,44.19288657
Field_48,16/1/2023,23.33313708,77.20419754,0.736955373,0.700341574,-0.700341574,1.105298178,7.775436446,10.21437632,9.172582578,Sorghum,Poaceae,Estival,Tropical seco,Baja,43.56692501
Field_48,31/1/2023,23.33313708,77.20419754,0.40674734,0.340939387,-0.340939387,0.610061123,29.50045605,8.341426589,14.11072473,Sorghum,Poaceae,Estival,Tropical seco,Baja,49.4926945
Field_48,15/2/2023,23.33313708,77.20419754,0.576447759,0.600097099,-0.600097099,0.864546006,14.53360155,11.98447995,7.974031788,Sorghum,Poaceae,Estival,Tropical seco,Baja,38.94524211
Field_48,3/2/2023,23.33313708,77.20419754,0.371658014,0.489963392,-0.489963392,0.557415843,22.24900188,11.62617834,6.402933028,Sorghum,Poaceae,Estival,Tropical seco,Baja,32.7586553
Field_48,17/3/2023,23.33313708,77.20419754,0.207271255,0.323481304,-0.323481304,0.310864868,32.42916619,19.58090868,12.62805907,Sorghum,Poaceae,Estival,Tropical seco,Baja,41.24043452
Field_48,4/1/2023,23.33313708,77.20419754,0.185491938,0.292220146,-0.292220146,0.278200339,34.24792694,5.680192536,5.204382238,Sorghum,Poaceae,Estival,Tropical seco,Baja,28.66903973
Field_48,16/4/2023,23.33313708,77.20419754,0.159941233,0.255952852,-0.255952852,0.239875906,36.36083963,17.88288632,5.061384028,Sorghum,Poaceae,Estival,Tropical seco,Baja,28.25173202
Field_48,5/1/2023,23.33313708,77.20419754,0.203226858,0.302929891,-0.302929891,0.304795262,33.51991605,11.33388393,11.96669235,Sorghum,Poaceae,Estival,Tropical seco,Baja,41.04221335
Field_48,16/5/2023,23.33313708,77.20419754,0.06329663,0.114462835,-0.114462835,0.09493327,44.57295747,18.88613923,11.46902094,Sorghum,Poaceae,Estival,Tropical seco,Baja,40.88572296
Field_48,31/5/2023,23.33313708,77.20419754,0.189270373,0.297257853,-0.297257853,0.283866475,33.95209095,28.73764905,5.226020125,Sorghum,Poaceae,Estival,Tropical seco,Baja,28.73163589
Field_48,15/6/2023,23.33313708,77.20419754,0.158981561,0.276024086,-0.276024086,0.238440125,35.34571575,27.13416146,5.004937366,Sorghum,Poaceae,Estival,Tropical seco,Baja,27.89702047
Field_48,29/8/2023,23.33313708,77.20419754,0.749112065,0.671866549,-0.671866549,1.123553931,9.105340933,33.14457384,16.17290945,Sorghum,Poaceae,Estival,Tropical seco,Baja,58.66303144
Field_48,13/9/2023,23.33313708,77.20419754,0.749112065,0.671866549,-0.671866549,1.123553931,9.105340933,19.88977293,16.82580917,Sorghum,Poaceae,Estival,Tropical seco,Baja,59.02817569
Field_48,28/9/2023,23.33313708,77.20419754,0.451161281,0.481405104,-0.481405104,0.676646256,21.87406858,29.99409164,7.133917301,Sorghum,Poaceae,Estival,Tropical seco,Baja,35.96149198
Field_48,13/10/2023,23.33313708,77.20419754,0.321132266,0.384183671,-0.384183671,0.48162563,28.16658983,21.05220321,6.199725045,Sorghum,Poaceae,Estival,Tropical seco,Baja,32.4665399
Field_48,28/10/2023,23.33313708,77.20419754,0.318693335,0.398275893,-0.398275893,0.477957659,27.47188787,21.37473557,6.145159938,Sorghum,Poaceae,Estival,Tropical seco,Baja,32.15355912
Field_48,11/12/2023,23.33313708,77.20419754,0.365197604,0.431022053,-0.431022053,0.547692193,25.32478361,6.381384831,13.72030198,Sorghum,Poaceae,Estival,Tropical seco,Baja,46.25855974
Field_48,27/11/2023,23.33313708,77.20419754,0.511406046,0.517219059,-0.517219059,0.766979695,19.42997933,21.37389753,14.26407149,Sorghum,Poaceae,Estival,Tropical seco,Baja,50.84894456
Field_48,12/12/2023,23.33313708,77.20419754,0.714947103,0.634283473,-0.634283473,1.072268735,11.37341953,12.61164317,9.131188359,Sorghum,Poaceae,Estival,Tropical seco,Baja,43.75471348
Field_48,27/12/2023,23.33313708,77.20419754,0.708185021,0.644149901,-0.644149901,1.062141313,10.93865687,9.897370554,9.047459144,Sorghum,Poaceae,Estival,Tropical seco,Baja,43.33740576
Field_49,1/1/2023,17.52394033,78.37062498,0.159649598,0.169854259,-0.169854259,0.239440839,40.76038855,19.49473008,5.2608289,Turmeric,Zingiberaceae,Estival,Tropical húmedo,Media,29.58711669
Field_49,16/1/2023,17.52394033,78.37062498,0.23657997,0.30138109,-0.30138109,0.354810125,33.25837349,19.44384061,12.62147363,Turmeric,Zingiberaceae,Estival,Tropical húmedo,Media,42.7114442
Field_49,31/1/2023,17.52394033,78.37062498,0.221598345,0.312487019,-0.312487019,0.332343553,32.84426166,22.16703155,5.479089327,Turmeric,Zingiberaceae,Estival,Tropical húmedo,Media,29.74360709
Field_49,15/2/2023,17.52394033,78.37062498,0.19285792,0.27767358,-0.27767358,0.289243557,34.91551036,22.30905706,5.304104674,Turmeric,Zingiberaceae,Estival,Tropical húmedo,Media,29.18024168
Field_49,3/2/2023,17.52394033,78.37062498,0.188767616,0.289429111,-0.289429111,0.283110724,34.35699531,18.93907693,5.240131791,Turmeric,Zingiberaceae,Estival,Tropical húmedo,Media,28.83596281
Field_49,17/3/2023,17.52394033,78.37062498,0.194793049,0.295513597,-0.295513597,0.292148085,33.98475788,28.99720228,18.74875879,Turmeric,Zingiberaceae,Estival,Tropical húmedo,Media,44.5893289
Field_49,4/1/2023,17.52394033,78.37062498,0.277569106,0.336429419,-0.336429419,0.416296316,31.0500357,21.55758305,5.923136401,Turmeric,Zingiberaceae,Estival,Tropical húmedo,Media,31.52759755
Field_49,16/4/2023,17.52394033,78.37062498,0.300788319,0.368950634,-0.368950634,0.451120934,29.15222545,26.76157286,6.053904501,Turmeric,Zingiberaceae,Estival,Tropical húmedo,Media,31.91360718
Field_49,5/1/2023,17.52394033,78.37062498,0.271483687,0.339248419,-0.339248419,0.407168203,30.96823489,19.00989867,12.67039407,Turmeric,Zingiberaceae,Estival,Tropical húmedo,Media,43.49389616
Field_49,16/5/2023,17.52394033,78.37062498,0.333449071,0.350680867,-0.350680867,0.500114786,29.75159945,22.07353051,6.388821363,Turmeric,Zingiberaceae,Estival,Tropical húmedo,Media,33.4680784
Field_49,31/5/2023,17.52394033,78.37062498,0.325710397,0.353389754,-0.353389754,0.488507588,29.69230594,39.46933337,6.313559147,Turmeric,Zingiberaceae,Estival,Tropical húmedo,Media,33.12379954
Field_49,15/6/2023,17.52394033,78.37062498,0.269304209,0.285111468,-0.285111468,0.403909892,33.75496297,36.98345553,5.970175286,Turmeric,Zingiberaceae,Estival,Tropical húmedo,Media,32.01793411
Field_49,28/9/2023,17.52394033,78.37062498,0.451952871,0.434679745,-0.434679745,0.677841459,24.25198525,24.52391248,16.17290945,Turmeric,Zingiberaceae,Estival,Tropical húmedo,Media,50.91154071
Field_49,13/10/2023,17.52394033,78.37062498,0.394940724,0.389412709,-0.389412709,0.59233313,27.1457758,20.98404257,6.846980103,Turmeric,Zingiberaceae,Estival,Tropical húmedo,Media,35.23120348
Field_49,28/10/2023,17.52394033,78.37062498,0.384601392,0.40728178,-0.40728178,0.576817494,26.33889726,30.05768777,6.713389669,Turmeric,Zingiberaceae,Estival,Tropical húmedo,Media,34.55307845
Field_49,12/12/2023,17.52394033,78.37062498,0.279849554,0.303014388,-0.303014388,0.419706787,32.73306334,23.76775203,6.02191806,Turmeric,Zingiberaceae,Estival,Tropical húmedo,Media,32.14312642
Field_50,16/1/2023,10.71853964,79.9935309,-0.094405244,-0.348642757,0.348642757,-0.141383187,69.83174242,22.31543856,6.701159559,Turmeric,Zingiberaceae,Estival,Tropical húmedo,Media,46.94711746
Field_50,15/2/2023,10.71853964,79.9935309,-0.057410897,-0.218958805,0.218958805,-0.085967449,62.83169446,19.00867283,6.701159559,Turmeric,Zingiberaceae,Estival,Tropical húmedo,Media,45.34048278
Field_50,3/2/2023,10.71853964,79.9935309,-0.075168538,-0.215547839,0.215547839,-0.11263521,62.83887218,20.32691292,6.701159559,Turmeric,Zingiberaceae,Estival,Tropical húmedo,Media,45.34048278
Field_50,4/1/2023,10.71853964,79.9935309,-0.044862471,-0.13215629,0.13215629,-0.067247958,58.27102314,17.13160511,6.701159559,Turmeric,Zingiberaceae,Estival,Tropical húmedo,Media,43.94250194
Field_50,16/4/2023,10.71853964,79.9935309,0.002380575,-0.009942952,0.009942952,0.003568557,51.5477887,35.10036638,6.701159559,Turmeric,Zingiberaceae,Estival,Tropical húmedo,Media,41.87682878
Field_50,16/5/2023,10.71853964,79.9935309,-0.076875929,-0.211681473,0.211681473,-0.115255759,62.65887601,37.32978784,6.701159559,Turmeric,Zingiberaceae,Estival,Tropical húmedo,Media,45.28831931
Field_50,31/5/2023,10.71853964,79.9935309,-0.076875929,-0.211681473,0.211681473,-0.115255759,62.65887601,31.99662756,6.701159559,Turmeric,Zingiberaceae,Estival,Tropical húmedo,Media,45.28831931
Field_50,15/6/2023,10.71853964,79.9935309,-0.047919997,-0.174111971,0.174111971,-0.071827497,60.44468972,43.13990665,6.701159559,Turmeric,Zingiberaceae,Estival,Tropical húmedo,Media,44.61019428
Field_50,30/6/2023,10.71853964,79.9935309,-0.048594008,-0.223823473,0.223823473,-0.072813226,62.9900599,36.1980803,6.701159559,Turmeric,Zingiberaceae,Estival,Tropical húmedo,Media,45.38221355
Field_50,30/7/2023,10.71853964,79.9935309,-0.003089362,-0.050416119,0.050416119,-0.004632522,53.67038924,37.98303444,6.701159559,Turmeric,Zingiberaceae,Estival,Tropical húmedo,Media,42.53408842
Field_50,14/8/2023,10.71853964,79.9935309,-0.159399379,-0.304737097,0.304737097,-0.238786212,68.25350445,36.00908894,6.701159559,Turmeric,Zingiberaceae,Estival,Tropical húmedo,Media,46.94711746
Field_50,29/8/2023,10.71853964,79.9935309,-0.159399379,-0.304737097,0.304737097,-0.238786212,68.25350445,36.55552508,6.701159559,Turmeric,Zingiberaceae,Estival,Tropical húmedo,Media,46.94711746
Field_50,28/9/2023,10.71853964,79.9935309,-0.06941634,-0.11313763,0.11313763,-0.104034844,57.5506128,24.9644859,6.701159559,Turmeric,Zingiberaceae,Estival,Tropical húmedo,Media,43.7234154
Field_51,1/1/2023,15.59567111,77.84316539,0.4460169,0.490914419,-0.490914419,0.668925176,21.44102033,21.79259296,7.065240529,Turmeric,Zingiberaceae,Estival,Tropical húmedo,Media,35.61721311
Field_51,16/1/2023,15.59567111,77.84316539,0.407269006,0.469453818,-0.469453818,0.610816635,22.93261976,18.59692038,14.23584816,Turmeric,Zingiberaceae,Estival,Tropical húmedo,Media,47.56264634
Field_51,31/1/2023,15.59567111,77.84316539,0.396589818,0.444081927,-0.444081927,0.594801005,24.3372846,17.38342556,13.43618712,Turmeric,Zingiberaceae,Estival,Tropical húmedo,Media,47.10360785
Field_51,15/2/2023,15.59567111,77.84316539,0.373917211,0.436500217,-0.436500217,0.560800759,24.95599237,17.07236236,6.548753572,Turmeric,Zingiberaceae,Estival,Tropical húmedo,Media,33.68716495
Field_51,3/2/2023,15.59567111,77.84316539,0.341088717,0.407596954,-0.407596954,0.511566215,26.76719258,21.7556745,6.322966924,Turmeric,Zingiberaceae,Estival,Tropical húmedo,Media,32.87341492
Field_51,17/3/2023,15.59567111,77.84316539,0.345491459,0.424861987,-0.424861987,0.518157513,25.84059986,38.75059379,5.448043662,Turmeric,Zingiberaceae,Estival,Tropical húmedo,Media,43.20178076
Field_51,4/1/2023,15.59567111,77.84316539,0.27414531,0.376616197,-0.376616197,0.411164224,29.03289,19.00627769,5.798012967,Turmeric,Zingiberaceae,Estival,Tropical húmedo,Media,30.76601098
Field_51,16/4/2023,15.59567111,77.84316539,0.239547171,0.376692288,-0.376692288,0.359274082,29.38235091,38.26046071,5.488497104,Turmeric,Zingiberaceae,Estival,Tropical húmedo,Media,29.4306263
Field_51,5/1/2023,15.59567111,77.84316539,0.174464183,0.267618956,-0.267618956,0.261665284,35.61679633,20.5102459,11.75407659,Turmeric,Zingiberaceae,Estival,Tropical húmedo,Media,40.36408832
Field_51,16/5/2023,15.59567111,77.84316539,0.202712424,0.302073351,-0.302073351,0.304027898,33.56890857,31.53173107,5.335150338,Turmeric,Zingiberaceae,Estival,Tropical húmedo,Media,29.18024168
Field_51,31/5/2023,15.59567111,77.84316539,0.196584327,0.307318508,-0.307318508,0.294828573,33.36365344,31.85560003,5.267414344,Turmeric,Zingiberaceae,Estival,Tropical húmedo,Media,28.8568282
Field_51,15/6/2023,15.59567111,77.84316539,0.169818409,0.269665074,-0.269665074,0.254691619,35.55975929,36.24067427,5.116889912,Turmeric,Zingiberaceae,Estival,Tropical húmedo,Media,28.4186551
Field_51,30/7/2023,15.59567111,77.84316539,0.392943014,0.438150045,-0.438150045,0.589324297,24.6774368,44.17420321,13.99500907,Turmeric,Zingiberaceae,Estival,Tropical húmedo,Media,47.36442517
Field_51,14/8/2023,15.59567111,77.84316539,0.382223065,0.389006102,-0.389006102,0.573265534,27.29642281,39.77256675,13.63845432,Turmeric,Zingiberaceae,Estival,Tropical húmedo,Media,47.53134826
Field_51,29/8/2023,15.59567111,77.84316539,0.431169217,0.430202247,-0.430202247,0.646686046,24.6928867,38.75655655,13.98371974,Turmeric,Zingiberaceae,Estival,Tropical húmedo,Media,48.96062717
Field_51,28/9/2023,15.59567111,77.84316539,0.539349519,0.535908706,-0.535908706,0.808922836,18.19022109,32.52024718,15.16157342,Turmeric,Zingiberaceae,Estival,Tropical húmedo,Media,52.14259846
Field_51,13/10/2023,15.59567111,77.84316539,0.560846343,0.584436669,-0.584436669,0.84116111,15.49262686,38.64884103,7.871487018,Turmeric,Zingiberaceae,Estival,Tropical húmedo,Media,38.58009786
Field_51,28/10/2023,15.59567111,77.84316539,0.497412883,0.526350099,-0.526350099,0.746019979,19.10661892,22.67931759,14.45599014,Turmeric,Zingiberaceae,Estival,Tropical húmedo,Media,50.27514646
Field_51,12/12/2023,15.59567111,77.84316539,0.310379867,0.331900291,-0.331900291,0.465441392,30.94622066,22.78260675,6.227007598,Turmeric,Zingiberaceae,Estival,Tropical húmedo,Media,32.87341492
Field_51,27/12/2023,15.59567111,77.84316539,0.337371794,0.420672666,-0.420672666,0.505981277,26.13745003,18.24084547,6.25899404,Turmeric,Zingiberaceae,Estival,Tropical húmedo,Media,32.51870336
Field_52,1/1/2023,9.837010412,76.34175445,0.346163429,0.205781595,-0.205781595,0.519174041,37.02093943,17.6622889,6.843216992,Ginger,Zingiberaceae,Estival ,Tropical húmedo,Media,36.2223093
Field_52,16/1/2023,9.837010412,76.34175445,0.237235611,0.132251117,-0.132251117,0.355865161,41.88819315,20.95540734,12.8924176,Ginger,Zingiberaceae,Estival ,Tropical húmedo,Media,45.53870394
Field_52,31/1/2023,9.837010412,76.34175445,0.240310829,0.133077889,-0.133077889,0.360479077,41.81456772,15.80471196,12.81715539,Ginger,Zingiberaceae,Estival ,Tropical húmedo,Media,45.6013001
Field_52,15/2/2023,9.837010412,76.34175445,0.239133093,0.131778415,-0.131778415,0.358707423,41.8929526,27.63436907,6.060489945,Ginger,Zingiberaceae,Estival ,Tropical húmedo,Media,33.24899186
Field_52,3/2/2023,9.837010412,76.34175445,0.225930641,0.121910776,-0.121910776,0.33893333,42.53167234,17.82094426,5.966412175,Ginger,Zingiberaceae,Estival ,Tropical húmedo,Media,32.8942803
Field_52,17/3/2023,9.837010412,76.34175445,0.219795702,0.129062649,-0.129062649,0.329709537,42.22912184,38.41878117,5.893972292,Ginger,Zingiberaceae,Estival ,Tropical húmedo,Media,32.55000144
Field_52,4/1/2023,9.837010412,76.34175445,0.171886088,0.077889069,-0.077889069,0.257895985,45.33156333,15.26974483,2.797872881,Ginger,Zingiberaceae,Estival ,Tropical húmedo,Media,31.49629947
Field_52,16/4/2023,9.837010412,76.34175445,0.188739052,0.082719666,-0.082719666,0.283123926,44.91277475,28.89021573,5.725573084,Ginger,Zingiberaceae,Estival ,Tropical húmedo,Media,32.07009757
Field_52,16/5/2023,9.837010412,76.34175445,0.188989598,0.075985547,-0.075985547,0.283549993,45.25408952,27.6056993,13.22545291,Ginger,Zingiberaceae,Estival ,Tropical húmedo,Media,44.7353866
Field_52,31/5/2023,9.837010412,76.34175445,0.188989598,0.075985547,-0.075985547,0.283549993,45.25408952,23.83252286,35.64983018,Ginger,Zingiberaceae,Estival ,Tropical húmedo,Media,57.17115638
Field_52,13/10/2023,9.837010412,76.34175445,0.23369363,0.117349265,-0.117349265,0.35052446,42.68532062,21.75084158,15.54352916,Ginger,Zingiberaceae,Estival ,Tropical húmedo,Media,47.10360785
Field_52,12/12/2023,9.837010412,76.34175445,0.253442097,0.120955606,-0.120955606,0.380229853,42.29947651,23.72006296,6.21383671,Ginger,Zingiberaceae,Estival ,Tropical húmedo,Media,33.96884766
Field_52,27/12/2023,9.837010412,76.34175445,0.298841342,0.152787677,-0.152787677,0.448263292,40.21033503,17.11632689,6.544990461,Ginger,Zingiberaceae,Estival ,Tropical húmedo,Media,35.23120348
Field_53,1/1/2023,26.73461935,93.00656536,0.31599633,0.397500983,-0.397500983,0.473918154,27.53900236,10.19308573,13.16430236,Ginger,Zingiberaceae,Estival ,Tropical húmedo,Media,44.5788962
Field_53,16/1/2023,26.73461935,93.00656536,0.054218611,0.044047298,-0.044047298,0.081320028,48.2613952,12.34218219,11.27333918,Ginger,Zingiberaceae,Estival ,Tropical húmedo,Media,41.90812685
Field_53,31/1/2023,26.73461935,93.00656536,-0.019073819,-0.046381347,0.046381347,-0.02860875,53.62760343,6.590227187,4.172349101,Ginger,Zingiberaceae,Estival ,Tropical húmedo,Media,32.08053027
Field_53,15/2/2023,26.73461935,93.00656536,0.293496184,0.383084629,-0.383084629,0.440172669,28.50495555,6.699493926,13.25461702,Ginger,Zingiberaceae,Estival ,Tropical húmedo,Media,43.98423272
Field_53,3/2/2023,26.73461935,93.00656536,0.293496588,0.348037607,-0.348037607,0.440176108,30.29460554,5.065383441,6.037911281,Ginger,Zingiberaceae,Estival ,Tropical húmedo,Media,31.96577065
Field_53,17/3/2023,26.73461935,93.00656536,0.142472861,0.10859196,-0.10859196,0.213683839,44.06413312,29.96537627,12.75224173,Ginger,Zingiberaceae,Estival ,Tropical húmedo,Media,42.16894417
Field_53,4/1/2023,26.73461935,93.00656536,0.184518427,0.173824156,-0.173824156,0.276742981,40.30368602,8.535588303,12.53680363,Ginger,Zingiberaceae,Estival ,Tropical húmedo,Media,42.64884804
Field_53,16/4/2023,26.73461935,93.00656536,0.202463513,0.188653995,-0.188653995,0.30365536,39.36313873,18.31728369,12.97426526,Ginger,Zingiberaceae,Estival ,Tropical húmedo,Media,43.35827115
Field_53,5/1/2023,26.73461935,93.00656536,0.355286883,0.380448258,-0.380448258,0.532847615,28.00851954,11.31676515,7.214824184,Ginger,Zingiberaceae,Estival ,Tropical húmedo,Media,44.27634811
Field_53,16/5/2023,26.73461935,93.00656536,0.310943964,0.35710675,-0.35710675,0.466351068,29.65330761,20.73287685,8.484874079,Ginger,Zingiberaceae,Estival ,Tropical húmedo,Media,42.93053075
Field_53,31/5/2023,26.73461935,93.00656536,0.301840472,0.319447399,-0.319447399,0.452690418,31.66933147,22.37402762,12.99308082,Ginger,Zingiberaceae,Estival ,Tropical húmedo,Media,45.15269431
Field_53,15/6/2023,26.73461935,93.00656536,0.277650596,0.286895805,-0.286895805,0.416431278,33.57860631,28.54663687,93.36748287,Ginger,Zingiberaceae,Estival ,Tropical húmedo,Media,89.29341741
Field_53,29/8/2023,26.73461935,93.00656536,0.465182997,0.378998659,-0.378998659,0.697637005,26.96018726,33.0528829,14.28288705,Ginger,Zingiberaceae,Estival ,Tropical húmedo,Media,51.24538688
Field_53,13/9/2023,26.73461935,93.00656536,0.552032137,0.457001842,-0.457001842,0.827883655,22.09002444,12.0982556,8.092569778,Ginger,Zingiberaceae,Estival ,Tropical húmedo,Media,40.23889601
Field_53,28/9/2023,26.73461935,93.00656536,0.709868219,0.594675894,-0.594675894,1.06459328,13.44782561,21.06177683,9.179168022,Ginger,Zingiberaceae,Estival ,Tropical húmedo,Media,44.17202119
Field_53,13/10/2023,26.73461935,93.00656536,0.686435745,0.584640115,-0.584640115,1.029482615,14.19960925,26.35621439,16.14844923,Ginger,Zingiberaceae,Estival ,Tropical húmedo,Media,57.59889678
Field_53,28/10/2023,26.73461935,93.00656536,0.673929672,0.580725551,-0.580725551,1.010718283,14.52722692,11.40108879,8.891290046,Ginger,Zingiberaceae,Estival ,Tropical húmedo,Media,43.0035596
Field_53,11/12/2023,26.73461935,93.00656536,0.581381014,0.554033207,-0.554033207,0.871928208,16.83544249,6.882436559,8.126437775,Ginger,Zingiberaceae,Estival ,Tropical húmedo,Media,39.85288638
Field_53,27/11/2023,26.73461935,93.00656536,0.241194541,0.286419028,-0.286419028,0.361727848,33.97527373,19.55596314,5.715224529,Ginger,Zingiberaceae,Estival ,Tropical húmedo,Media,30.91206868
Field_53,12/12/2023,26.73461935,93.00656536,0.34919019,0.444608934,-0.444608934,0.523686944,24.79445978,6.822672971,13.11255959,Ginger,Zingiberaceae,Estival ,Tropical húmedo,Media,45.09009815
Field_53,27/12/2023,26.73461935,93.00656536,0.330555553,0.438847878,-0.438847878,0.49575362,25.27895765,14.12459632,2.826096212,Ginger,Zingiberaceae,Estival ,Tropical húmedo,Media,31.97620334
Field_54,1/1/2023,25.51378547,91.37575408,0.473432295,0.56199577,-0.56199577,0.709992631,17.5313059,7.162680396,7.143325078,Ginger,Zingiberaceae,Estival ,Tropical húmedo,Media,35.56504965
Field_54,16/1/2023,25.51378547,91.37575408,0.462627859,0.558338863,-0.558338863,0.693787648,17.8283879,10.60199175,13.77298553,Ginger,Zingiberaceae,Estival ,Tropical húmedo,Media,48.0529829
Field_54,31/1/2023,25.51378547,91.37575408,0.408577623,0.541334918,-0.541334918,0.612725213,19.24869188,10.12808215,6.611785678,Ginger,Zingiberaceae,Estival ,Tropical húmedo,Media,33.38461686
Field_54,15/2/2023,25.51378547,91.37575408,-0.028068293,-0.058709083,0.058709083,-0.042101556,54.34897092,11.70460965,11.30814796,Ginger,Zingiberaceae,Estival ,Tropical húmedo,Media,43.78601155
Field_54,3/2/2023,25.51378547,91.37575408,0.368681134,0.498562252,-0.498562252,0.552903423,21.84030898,12.79287178,6.355894143,Ginger,Zingiberaceae,Estival ,Tropical húmedo,Media,32.50827067
Field_54,17/3/2023,25.51378547,91.37575408,0.206838563,0.260062421,-0.260062421,0.310176188,35.67203054,24.44407246,20.38665277,Ginger,Zingiberaceae,Estival ,Tropical húmedo,Media,46.51937706
Field_54,4/1/2023,25.51378547,91.37575408,0.456227379,0.497197122,-0.497197122,0.684214666,21.0159197,6.319869434,13.78897875,Ginger,Zingiberaceae,Estival ,Tropical húmedo,Media,48.7728387
Field_54,16/4/2023,25.51378547,91.37575408,0.470900228,0.510198832,-0.510198832,0.706223285,20.2021436,27.65287311,14.55100869,Ginger,Zingiberaceae,Estival ,Tropical húmedo,Media,49.55529065
Field_54,16/5/2023,25.51378547,91.37575408,0.594629848,0.548981995,-0.548981995,0.891799258,16.95807079,26.93771501,55.47201632,Ginger,Zingiberaceae,Estival ,Tropical húmedo,Media,65.98678177
Field_54,31/5/2023,25.51378547,91.37575408,0.655763998,0.584710182,-0.584710182,0.983503747,14.50927802,16.09352994,8.719127726,Ginger,Zingiberaceae,Estival ,Tropical húmedo,Media,42.24197302
Field_54,28/9/2023,25.51378547,91.37575408,0.741193932,0.620640782,-0.620640782,1.11147452,11.80201934,21.50529248,10.4162907,Ginger,Zingiberaceae,Estival ,Tropical húmedo,Media,45.53870394
Field_54,13/10/2023,25.51378547,91.37575408,0.725677081,0.652774364,-0.652774364,1.088327367,10.31960987,17.70798128,9.18387191,Ginger,Zingiberaceae,Estival ,Tropical húmedo,Media,43.87990579
Field_54,28/10/2023,25.51378547,91.37575408,0.696259012,0.651500786,-0.651500786,1.044199088,10.68508737,15.48709537,8.924217265,Ginger,Zingiberaceae,Estival ,Tropical húmedo,Media,42.76360766
Field_54,11/12/2023,25.51378547,91.37575408,0.64538615,0.62156299,-0.62156299,0.967896494,12.73340023,10.10206206,8.539439186,Ginger,Zingiberaceae,Estival ,Tropical húmedo,Media,41.2717326
Field_54,12/12/2023,25.51378547,91.37575408,0.225696439,0.229634626,-0.229634626,0.338478744,37.03321363,12.5226747,12.95639049,Ginger,Zingiberaceae,Estival ,Tropical húmedo,Media,43.59822308
Field_54,27/12/2023,25.51378547,91.37575408,0.351028312,0.384664985,-0.384664985,0.526439976,27.83668731,9.183462681,6.465965134,Ginger,Zingiberaceae,Estival ,Tropical húmedo,Media,33.6141361
Field_55,1/1/2023,9.856373389,76.29572042,0.38624132,0.274596409,-0.274596409,0.579266922,33.09764384,21.23498435,7.039839531,Black Pepper,Piperaceae,Todo el año,Tropical húmedo,Alta,36.69178047
Field_55,16/1/2023,9.856373389,76.29572042,0.208060341,0.077099643,-0.077099643,0.312093085,45.00243177,23.8368739,13.24426846,Black Pepper,Piperaceae,Todo el año,Tropical húmedo,Alta,45.46567509
Field_55,31/1/2023,9.856373389,76.29572042,0.366517533,0.260582306,-0.260582306,0.549689471,34.01470174,17.94442018,14.16152672,Black Pepper,Piperaceae,Todo el año,Tropical húmedo,Alta,49.22144449
Field_55,15/2/2023,9.856373389,76.29572042,0.289404422,0.196611591,-0.196611591,0.434041587,38.06887255,18.68735375,6.357775699,Black Pepper,Piperaceae,Todo el año,Tropical húmedo,Alta,34.17750151
Field_55,3/2/2023,9.856373389,76.29572042,0.304715279,0.224381243,-0.224381243,0.457004106,36.49446486,15.78973285,13.74758453,Black Pepper,Piperaceae,Todo el año,Tropical húmedo,Alta,47.1766367
Field_55,17/3/2023,9.856373389,76.29572042,0.471965013,0.501141832,-0.501141832,0.708410077,20.65375909,37.96503489,14.0571004,Black Pepper,Piperaceae,Todo el año,Tropical húmedo,Alta,49.47182911
Field_55,4/1/2023,9.856373389,76.29572042,0.051381715,-0.037119721,0.037119721,0.077288646,52.43511082,16.4849859,4.780091495,Black Pepper,Piperaceae,Todo el año,Tropical húmedo,Alta,31.71538602
Field_55,16/4/2023,9.856373389,76.29572042,0.272461467,0.193737188,-0.193737188,0.408639266,38.38868839,35.11908815,6.212895933,Black Pepper,Piperaceae,Todo el año,Tropical húmedo,Alta,33.57240533
Field_55,5/1/2023,9.856373389,76.29572042,0.385826237,0.343006688,-0.343006688,0.578641138,29.60855521,17.4295888,20.77801629,Black Pepper,Piperaceae,Todo el año,Tropical húmedo,Alta,52.34081962
Field_55,16/5/2023,9.856373389,76.29572042,0.277999473,0.181428135,-0.181428135,0.417166011,38.96068346,33.56350798,13.19252569,Black Pepper,Piperaceae,Todo el año,Tropical húmedo,Alta,46.50894437
Field_55,31/5/2023,9.856373389,76.29572042,0.277999473,0.181428135,-0.181428135,0.417166011,38.96068346,28.27474187,45.91089255,Black Pepper,Piperaceae,Todo el año,Tropical húmedo,Alta,64.65139709
Field_55,30/6/2023,9.856373389,76.29572042,0.388401469,0.285383793,-0.285383793,0.582532727,32.52473151,36.99516623,14.19445394,Black Pepper,Piperaceae,Todo el año,Tropical húmedo,Alta,49.69091566
Field_55,30/7/2023,9.856373389,76.29572042,0.396779067,0.327997062,-0.327997062,0.595072941,30.26315243,35.21697941,7.00785309,Black Pepper,Piperaceae,Todo el año,Tropical húmedo,Alta,36.26404007
Field_55,14/8/2023,9.856373389,76.29572042,0.404722621,0.343445599,-0.343445599,0.606988272,29.39315607,40.12560801,6.39822914,Black Pepper,Piperaceae,Todo el año,Tropical húmedo,Alta,46.75932899
Field_55,13/10/2023,9.856373389,76.29572042,0.378835888,0.283840549,-0.283840549,0.568179471,32.70122839,33.49539823,15.48802328,Black Pepper,Piperaceae,Todo el año,Tropical húmedo,Alta,50.0664926
Field_55,11/12/2023,9.856373389,76.29572042,0.303303997,0.246368244,-0.246368244,0.455451083,35.38612573,18.62214389,13.01471871,Black Pepper,Piperaceae,Todo el año,Tropical húmedo,Alta,46.36288667
Field_55,27/11/2023,9.856373389,76.29572042,0.241015688,0.181671236,-0.181671236,0.362291269,39.32598039,36.03895301,5.959826731,Black Pepper,Piperaceae,Todo el año,Tropical húmedo,Alta,32.53956875
Field_55,12/12/2023,9.856373389,76.29572042,0.38347235,0.264447219,-0.264447219,0.575168868,33.644185,17.51546262,7.038898754,Black Pepper,Piperaceae,Todo el año,Tropical húmedo,Alta,36.74394393
Field_55,27/12/2023,9.856373389,76.29572042,0.364771756,0.253722188,-0.253722188,0.547243152,34.38283874,24.63230912,6.896841321,Black Pepper,Piperaceae,Todo el año,Tropical húmedo,Alta,36.19101122
Field_56,1/1/2023,12.91028805,77.61189098,0.270223995,0.285617337,-0.285617337,0.405256588,33.71973744,24.51897857,5.97676073,Black Pepper,Piperaceae,Todo el año,Tropical húmedo,Alta,32.03879949
Field_56,16/1/2023,12.91028805,77.61189098,0.271532556,0.286996862,-0.286996862,0.407220146,33.63592866,23.69226866,5.985227729,Black Pepper,Piperaceae,Todo el año,Tropical húmedo,Alta,32.07009757
Field_56,31/1/2023,12.91028805,77.61189098,0.254194577,0.276332562,-0.276332562,0.381224868,34.35756503,23.5964986,13.23109758,Black Pepper,Piperaceae,Todo el año,Tropical húmedo,Alta,44.11985772
Field_56,15/2/2023,12.91028805,77.61189098,0.242523198,0.275998419,-0.275998419,0.363729108,34.49382618,24.74818418,5.75191486,Black Pepper,Piperaceae,Todo el año,Tropical húmedo,Alta,31.12072253
Field_56,3/2/2023,12.91028805,77.61189098,0.229686644,0.271249056,-0.271249056,0.344730347,34.86744753,22.86381543,5.648429313,Black Pepper,Piperaceae,Todo el año,Tropical húmedo,Alta,30.70341482
Field_56,17/3/2023,12.91028805,77.61189098,0.24733518,0.272598613,-0.272598613,0.370976046,34.61829093,29.67596281,12.74753784,Black Pepper,Piperaceae,Todo el año,Tropical húmedo,Alta,43.65038655
Field_56,4/1/2023,12.91028805,77.61189098,0.200322178,0.220531348,-0.220531348,0.300448033,37.75721092,16.45949365,5.505431102,Black Pepper,Piperaceae,Todo el año,Tropical húmedo,Alta,30.35913596
Field_56,16/4/2023,12.91028805,77.61189098,0.246555695,0.279096019,-0.279096019,0.369795687,34.29446579,22.94399591,5.781078968,Black Pepper,Piperaceae,Todo el año,Tropical húmedo,Alta,31.23548215
Field_56,5/1/2023,12.91028805,77.61189098,0.224276284,0.260876827,-0.260876827,0.33637849,35.45235416,21.50207384,15.62161371,Black Pepper,Piperaceae,Todo el año,Tropical húmedo,Alta,44.53716543
Field_56,16/5/2023,12.91028805,77.61189098,0.254875801,0.273668136,-0.273668136,0.382264245,34.48666501,20.29279491,5.867630517,Black Pepper,Piperaceae,Todo el año,Tropical húmedo,Alta,31.64235717
Field_56,31/5/2023,12.91028805,77.61189098,0.269165049,0.284160266,-0.284160266,0.403700167,33.80495671,29.29407409,11.41727817,Black Pepper,Piperaceae,Todo el año,Tropical húmedo,Alta,33.13423224
Field_56,14/8/2023,12.91028805,77.61189098,0.232292838,0.245776652,-0.245776652,0.34840073,36.14156302,39.98363894,2.103578938,Black Pepper,Piperaceae,Todo el año,Tropical húmedo,Alta,41.63687684
Field_56,13/10/2023,12.91028805,77.61189098,0.259788716,0.280737794,-0.280737794,0.389683284,34.07548239,33.41606453,5.89491307,Black Pepper,Piperaceae,Todo el año,Tropical húmedo,Alta,31.71538602
Field_56,28/10/2023,12.91028805,77.61189098,0.27404289,0.286029401,-0.286029401,0.411011457,33.65969374,23.84865061,12.88489138,Black Pepper,Piperaceae,Todo el año,Tropical húmedo,Alta,44.54759813
Field_56,11/12/2023,12.91028805,77.61189098,0.265789655,0.284444999,-0.284444999,0.398617494,33.82488945,21.07376733,13.19158491,Black Pepper,Piperaceae,Todo el año,Tropical húmedo,Alta,44.42240581
Field_56,27/11/2023,12.91028805,77.61189098,0.265789655,0.284444999,-0.284444999,0.398617494,33.82488945,31.66615894,13.29224813,Black Pepper,Piperaceae,Todo el año,Tropical húmedo,Alta,44.47456928
Field_57,1/1/2023,11.46317721,76.82314267,0.771188934,0.719388484,-0.719388484,1.156590434,6.453194933,23.01793968,9.434118779,Black Pepper,Piperaceae,Todo el año,Tropical húmedo,Alta,43.82774232
Field_57,16/1/2023,11.46317721,76.82314267,0.749807843,0.713353355,-0.713353355,1.124531928,6.979737406,22.33981196,15.90384702,Black Pepper,Piperaceae,Todo el año,Tropical húmedo,Alta,57.90144487
Field_57,31/1/2023,11.46317721,76.82314267,0.749124528,0.716625287,-0.716625287,1.123505392,6.819636875,16.7308144,16.59908174,Black Pepper,Piperaceae,Todo el año,Tropical húmedo,Alta,58.20399296
Field_57,15/2/2023,11.46317721,76.82314267,0.718735945,0.704089806,-0.704089806,1.077940661,7.770108057,16.68344706,9.001361036,Black Pepper,Piperaceae,Todo el año,Tropical húmedo,Alta,42.80533843
Field_57,3/2/2023,11.46317721,76.82314267,0.658180688,0.651682763,-0.651682763,0.987124049,11.06468395,17.31265742,8.583655738,Black Pepper,Piperaceae,Todo el año,Tropical húmedo,Alta,41.29259798
Field_57,17/3/2023,11.46317721,76.82314267,0.629194855,0.635081188,-0.635081188,0.943654983,12.20846161,30.22959625,8.363513756,Black Pepper,Piperaceae,Todo el año,Tropical húmedo,Alta,40.42668448
Field_57,4/1/2023,11.46317721,76.82314267,0.658461549,0.630118263,-0.630118263,0.987556888,12.16299319,18.72745245,1.506185098,Black Pepper,Piperaceae,Todo el año,Tropical húmedo,Alta,41.63687684
Field_57,16/4/2023,11.46317721,76.82314267,0.64301395,0.628196358,-0.628196358,0.964389237,12.41889843,32.89575625,8.502748855,Black Pepper,Piperaceae,Todo el año,Tropical húmedo,Alta,41.07351143
Field_57,14/8/2023,11.46317721,76.82314267,0.683886195,0.630349821,-0.630349821,1.025700684,11.8915101,35.20742999,15.49178639,Black Pepper,Piperaceae,Todo el año,Tropical húmedo,Alta,56.4200025
Field_57,28/9/2023,11.46317721,76.82314267,0.686577894,0.638852243,-0.638852243,1.029722974,11.42984928,39.87470233,1.31332567,Black Pepper,Piperaceae,Todo el año,Tropical húmedo,Alta,53.01894465
Field_57,13/10/2023,11.46317721,76.82314267,0.686577894,0.638852243,-0.638852243,1.029722974,11.42984928,32.66003391,16.38646598,Black Pepper,Piperaceae,Todo el año,Tropical húmedo,Alta,56.88947367
Field_57,27/12/2023,11.46317721,76.82314267,0.794427248,0.72218457,-0.72218457,1.191332674,6.073084624,17.99742149,9.635445206,Black Pepper,Piperaceae,Todo el año,Tropical húmedo,Alta,43.94250194
Field_58,1/1/2023,9.913244827,76.3742532,0.520540598,0.427878199,-0.427878199,0.780618329,23.89882408,22.05115236,7.87901324,Cardamom,Zingiberaceae,Todo el año,Tropical húmedo,Alta,39.47730944
Field_58,16/1/2023,9.913244827,76.3742532,0.643331374,0.59625528,-0.59625528,0.964846832,14.04670765,24.77059425,15.8793868,Cardamom,Zingiberaceae,Todo el año,Tropical húmedo,Alta,55.60625246
Field_58,31/1/2023,9.913244827,76.3742532,0.604981364,0.545037746,-0.545037746,0.907339068,17.05376266,24.81592057,15.33373574,Cardamom,Zingiberaceae,Todo el año,Tropical húmedo,Alta,54.62557934
Field_58,15/2/2023,9.913244827,76.3742532,0.377353039,0.342980071,-0.342980071,0.56596523,29.69645006,18.59255591,6.79900044,Cardamom,Zingiberaceae,Todo el año,Tropical húmedo,Alta,35.28336695
Field_58,3/2/2023,9.913244827,76.3742532,0.550119446,0.527759487,-0.527759487,0.825053831,18.49636395,21.89022017,7.909118126,Cardamom,Zingiberaceae,Todo el año,Tropical húmedo,Alta,39.06000173
Field_58,17/3/2023,9.913244827,76.3742532,0.547678515,0.529203056,-0.529203056,0.821395388,18.44757789,25.26256234,7.883717129,Cardamom,Zingiberaceae,Todo el año,Tropical húmedo,Alta,38.94524211
Field_58,4/1/2023,9.913244827,76.3742532,0.409680232,0.373896319,-0.373896319,0.614437143,27.78757776,22.89900615,7.015379311,Cardamom,Zingiberaceae,Todo el año,Tropical húmedo,Alta,36.04495352
Field_58,16/4/2023,9.913244827,76.3742532,0.121402942,0.090255457,-0.090255457,0.182077808,45.21565952,27.26411353,5.106541357,Cardamom,Zingiberaceae,Todo el año,Tropical húmedo,Alta,29.50365515
Field_58,16/5/2023,9.913244827,76.3742532,0.652115535,0.585877604,-0.585877604,0.978048522,14.48692563,38.70722548,15.38830084,Cardamom,Zingiberaceae,Todo el año,Tropical húmedo,Alta,55.8357717
Field_58,31/5/2023,9.913244827,76.3742532,0.652115535,0.585877604,-0.585877604,0.978048522,14.48692563,35.24921454,51.17548456,Cardamom,Zingiberaceae,Todo el año,Tropical húmedo,Alta,75.67875335
Field_58,13/10/2023,9.913244827,76.3742532,0.435329382,0.366784873,-0.366784873,0.652892189,27.88876776,28.40406022,14.64226413,Cardamom,Zingiberaceae,Todo el año,Tropical húmedo,Alta,50.48380031
Field_58,12/12/2023,9.913244827,76.3742532,0.67015742,0.599231157,-0.599231157,1.005087564,13.62077539,20.42656842,8.813205496,Cardamom,Zingiberaceae,Todo el año,Tropical húmedo,Alta,42.57581919
Field_58,27/12/2023,9.913244827,76.3742532,0.627259946,0.558797529,-0.558797529,0.940747849,16.1235996,15.97478159,8.52532752,Cardamom,Zingiberaceae,Todo el año,Tropical húmedo,Alta,41.5534153
Field_59,1/1/2023,12.95312477,77.64922382,0.506219336,0.480593481,-0.480593481,0.759223257,21.35321263,15.86101389,7.627825594,Cardamom,Zingiberaceae,Todo el año,Tropical húmedo,Alta,38.10019399
Field_59,16/1/2023,12.95312477,77.64922382,0.490817443,0.471592917,-0.471592917,0.736121574,21.97011836,17.39643747,7.511169159,Cardamom,Zingiberaceae,Todo el año,Tropical húmedo,Alta,37.6515882
Field_59,31/1/2023,12.95312477,77.64922382,0.478432072,0.463663335,-0.463663335,0.717545808,22.50152772,18.27968161,14.41741826,Cardamom,Zingiberaceae,Todo el año,Tropical húmedo,Alta,50.5046657
Field_59,15/2/2023,12.95312477,77.64922382,0.469735614,0.466836387,-0.466836387,0.704510412,22.42831365,23.75615444,7.333362174,Cardamom,Zingiberaceae,Todo el año,Tropical húmedo,Alta,36.91086702
Field_59,3/2/2023,12.95312477,77.64922382,0.47278237,0.479293741,-0.479293741,0.709080389,21.76107055,18.46871649,7.331480618,Cardamom,Zingiberaceae,Todo el año,Tropical húmedo,Alta,36.82740548
Field_59,17/3/2023,12.95312477,77.64922382,0.473974131,0.466723869,-0.466723869,0.710867598,22.39077184,38.98806079,14.48139114,Cardamom,Zingiberaceae,Todo el año,Tropical húmedo,Alta,50.31687723
Field_59,4/1/2023,12.95312477,77.64922382,0.235144879,0.217679089,-0.217679089,0.352678995,37.54721988,15.4013348,5.823413965,Cardamom,Zingiberaceae,Todo el año,Tropical húmedo,Alta,31.75711679
Field_59,16/4/2023,12.95312477,77.64922382,0.393598063,0.421498605,-0.421498605,0.59031967,25.52104214,30.84660978,6.759487777,Cardamom,Zingiberaceae,Todo el año,Tropical húmedo,Alta,34.67827077
Field_59,5/1/2023,12.95312477,77.64922382,0.38921931,0.417601889,-0.417601889,0.58375611,25.76474516,19.35330966,9.29017979,Cardamom,Zingiberaceae,Todo el año,Tropical húmedo,Alta,45.00663661
Field_59,16/5/2023,12.95312477,77.64922382,0.457825631,0.418466302,-0.418466302,0.68665884,25.01993672,36.20601831,7.340888395,Cardamom,Zingiberaceae,Todo el año,Tropical húmedo,Alta,37.20298242
Field_59,31/5/2023,12.95312477,77.64922382,0.46125987,0.426912488,-0.426912488,0.691791789,24.55356413,29.62492883,11.88766702,Cardamom,Zingiberaceae,Todo el año,Tropical húmedo,Alta,38.58009786
Field_59,14/8/2023,12.95312477,77.64922382,0.487179102,0.455138775,-0.455138775,0.730683807,22.84749669,42.53427977,3.052823637,Cardamom,Zingiberaceae,Todo el año,Tropical húmedo,Alta,48.19904059
Field_59,13/10/2023,12.95312477,77.64922382,0.458420802,0.42729711,-0.42729711,0.68753512,24.56291867,34.11931726,7.325835952,Cardamom,Zingiberaceae,Todo el año,Tropical húmedo,Alta,37.0882228
Field_59,28/10/2023,12.95312477,77.64922382,0.535656504,0.493958741,-0.493958741,0.80338002,20.37008595,25.63223202,15.13617242,Cardamom,Zingiberaceae,Todo el año,Tropical húmedo,Alta,52.63293502
Field_59,11/12/2023,12.95312477,77.64922382,0.539741315,0.499835389,-0.499835389,0.809496128,20.02828097,24.10817393,14.96589166,Cardamom,Zingiberaceae,Todo el año,Tropical húmedo,Alta,52.61206964
Field_59,27/11/2023,12.95312477,77.64922382,0.539741315,0.499835389,-0.499835389,0.809496128,20.02828097,36.43285679,14.92449744,Cardamom,Zingiberaceae,Todo el año,Tropical húmedo,Alta,52.58077156
Field_60,1/1/2023,11.20469719,76.72889814,0.815641942,0.724447848,-0.724447848,1.223264582,5.740848722,18.0638982,9.818896858,Cardamom,Zingiberaceae,Todo el año,Tropical húmedo,Alta,44.04682887
Field_60,16/1/2023,11.20469719,76.72889814,0.784868588,0.70200357,-0.70200357,1.177113201,7.201236055,15.64573015,16.50782631,Cardamom,Zingiberaceae,Todo el año,Tropical húmedo,Alta,58.30831989
Field_60,31/1/2023,11.20469719,76.72889814,0.770893666,0.697675886,-0.697675886,1.156144152,7.564950628,24.33690476,16.10235112,Cardamom,Zingiberaceae,Todo el año,Tropical húmedo,Alta,58.19356027
Field_60,15/2/2023,11.20469719,76.72889814,0.600728184,0.588196631,-0.588196631,0.900938907,14.89331852,19.26850144,8.21863399,Cardamom,Zingiberaceae,Todo el año,Tropical húmedo,Alta,40.06154023
Field_60,3/2/2023,11.20469719,76.72889814,0.512464918,0.555954646,-0.555954646,0.768563558,17.44115685,23.4195658,7.506465271,Cardamom,Zingiberaceae,Todo el año,Tropical húmedo,Alta,37.16125164
Field_60,17/3/2023,11.20469719,76.72889814,0.428684277,0.495248087,-0.495248087,0.642913976,21.39674021,35.63494499,14.03452173,Cardamom,Zingiberaceae,Todo el año,Tropical húmedo,Alta,47.87562712
Field_60,4/1/2023,11.20469719,76.72889814,0.430647771,0.402623959,-0.402623959,0.645818365,26.10648007,19.21821952,2.780938882,Cardamom,Zingiberaceae,Todo el año,Tropical húmedo,Alta,36.39966507
Field_60,16/4/2023,11.20469719,76.72889814,0.45859027,0.496191641,-0.496191641,0.687766754,21.04313206,33.56639296,7.164962965,Cardamom,Zingiberaceae,Todo el año,Tropical húmedo,Alta,36.01365544
Field_60,14/8/2023,11.20469719,76.72889814,0.636643005,0.567470563,-0.567470563,0.954822087,15.58488858,37.82029003,15.89820236,Cardamom,Zingiberaceae,Todo el año,Tropical húmedo,Alta,55.80447362
Field_60,28/9/2023,11.20469719,76.72889814,0.484643886,0.490202849,-0.490202849,0.726834582,21.08286364,38.96258723,14.13424417,Cardamom,Zingiberaceae,Todo el año,Tropical húmedo,Alta,50.17081953
Field_60,13/10/2023,11.20469719,76.72889814,0.484643886,0.490202849,-0.490202849,0.726834582,21.08286364,20.88246577,14.7363419,Cardamom,Zingiberaceae,Todo el año,Tropical húmedo,Alta,50.5046657
Field_60,27/12/2023,11.20469719,76.72889814,0.723935273,0.610111956,-0.610111956,1.085746019,12.51592776,16.68259785,9.268541903,Cardamom,Zingiberaceae,Todo el año,Tropical húmedo,Alta,44.47456928
Field_61,1/1/2023,12.07351623,75.832047,0.79845323,0.713556432,-0.713556432,1.19742958,6.472558201,17.46655661,9.690951091,Cashew Nut,Anacardiaceae,Todo el año,Tropical húmedo,Media,43.97380002
Field_61,16/1/2023,12.07351623,75.832047,0.784404627,0.698797737,-0.698797737,1.176375631,7.369678242,15.92672646,16.38458443,Cashew Nut,Anacardiaceae,Todo el año,Tropical húmedo,Media,58.2874545
Field_61,31/1/2023,12.07351623,75.832047,0.795056663,0.709118197,-0.709118197,1.192350776,6.733882549,18.85854481,16.99514916,Cashew Nut,Anacardiaceae,Todo el año,Tropical húmedo,Media,58.45437759
Field_61,15/2/2023,12.07351623,75.832047,0.778974193,0.705937439,-0.705937439,1.168253807,7.060554224,19.60704322,9.534781993,Cashew Nut,Anacardiaceae,Todo el año,Tropical húmedo,Media,43.96336733
Field_61,3/2/2023,12.07351623,75.832047,0.80530139,0.719476687,-0.719476687,1.207752085,6.10030471,19.43222532,9.738930754,Cashew Nut,Anacardiaceae,Todo el año,Tropical húmedo,Media,44.0050981
Field_61,17/3/2023,12.07351623,75.832047,0.699559539,0.615723187,-0.615723187,1.049190629,12.47834008,30.46766953,15.86527514,Cashew Nut,Anacardiaceae,Todo el año,Tropical húmedo,Media,57.46327177
Field_61,4/1/2023,12.07351623,75.832047,0.626596506,0.558535556,-0.558535556,0.939781047,16.14375272,18.7208932,8.519682854,Cashew Nut,Anacardiaceae,Todo el año,Tropical húmedo,Media,41.53254992
Field_61,16/4/2023,12.07351623,75.832047,0.787700891,0.69247255,-0.69247255,1.181383638,7.659005651,30.39079628,9.644852983,Cashew Nut,Anacardiaceae,Todo el año,Tropical húmedo,Media,44.21375196
Field_61,5/1/2023,12.07351623,75.832047,0.77842024,0.698357479,-0.698357479,1.167453981,7.45327755,24.78129879,3.241919955,Cashew Nut,Anacardiaceae,Todo el año,Tropical húmedo,Media,54.44822356
Field_61,28/9/2023,12.07351623,75.832047,0.73296407,0.640823693,-0.640823693,1.099232096,10.85544228,32.54783775,16.46360976,Cashew Nut,Anacardiaceae,Todo el año,Tropical húmedo,Media,58.69432952
Field_61,13/10/2023,12.07351623,75.832047,0.73296407,0.640823693,-0.640823693,1.099232096,10.85544228,31.55779579,9.277008903,Cashew Nut,Anacardiaceae,Todo el año,Tropical húmedo,Media,44.34937696
Field_61,27/12/2023,12.07351623,75.832047,0.835025349,0.746170579,-0.746170579,1.252285906,4.433630836,18.01208931,9.941197959,Cashew Nut,Anacardiaceae,Todo el año,Tropical húmedo,Media,44.10942503
Field_62,1/1/2023,10.05898507,76.13262669,-0.355377668,-0.652393131,0.652393131,-0.532372705,88.00784263,18.51870243,6.701159559,Cashew Nut,Anacardiaceae,Todo el año,Tropical húmedo,Media,46.94711746
Field_62,16/1/2023,10.05898507,76.13262669,-0.162922899,-0.457545011,0.457545011,-0.244033598,76.09252969,15.49754019,6.701159559,Cashew Nut,Anacardiaceae,Todo el año,Tropical húmedo,Media,46.94711746
Field_62,31/1/2023,10.05898507,76.13262669,-0.185423644,-0.40986601,0.40986601,-0.277867395,73.88762878,20.22209675,6.701159559,Cashew Nut,Anacardiaceae,Todo el año,Tropical húmedo,Media,46.94711746
Field_62,15/2/2023,10.05898507,76.13262669,-0.082664601,-0.236973823,0.236973823,-0.123929989,64.00953292,20.12736402,6.701159559,Cashew Nut,Anacardiaceae,Todo el año,Tropical húmedo,Media,45.69519433
Field_62,3/2/2023,10.05898507,76.13262669,-0.097918613,-0.185052826,0.185052826,-0.146817936,61.51400715,20.16440997,6.701159559,Cashew Nut,Anacardiaceae,Todo el año,Tropical húmedo,Media,44.93360776
Field_62,17/3/2023,10.05898507,76.13262669,0.03150097,0.056475336,-0.056475336,0.047240657,47.85877767,33.20838775,6.701159559,Cashew Nut,Anacardiaceae,Todo el año,Tropical húmedo,Media,40.75009796
Field_62,4/1/2023,10.05898507,76.13262669,-1.0,-1.0,1.0,-1.495781357,102.1287412,15.87519134,6.701159559,Cashew Nut,Anacardiaceae,Todo el año,Tropical húmedo,Media,46.94711746
Field_62,16/4/2023,10.05898507,76.13262669,0.012025323,-0.055575202,0.055575202,0.018067025,53.77947021,32.24557784,6.701159559,Cashew Nut,Anacardiaceae,Todo el año,Tropical húmedo,Media,42.5653865
Field_62,13/10/2023,10.05898507,76.13262669,-0.28433937,-0.513126714,0.513126714,-0.425956287,80.17078549,33.43313733,6.701159559,Cashew Nut,Anacardiaceae,Todo el año,Tropical húmedo,Media,46.94711746
Field_62,11/12/2023,10.05898507,76.13262669,-0.251184244,-0.471050897,0.471050897,-0.376473781,77.68360126,17.4053298,6.701159559,Cashew Nut,Anacardiaceae,Todo el año,Tropical húmedo,Media,46.94711746
Field_62,27/11/2023,10.05898507,76.13262669,-0.332734804,-0.761003527,0.761003527,-0.496891999,93.32271542,34.88458444,6.701159559,Cashew Nut,Anacardiaceae,Todo el año,Tropical húmedo,Media,46.94711746
Field_62,27/12/2023,10.05898507,76.13262669,-0.185619025,-0.454348812,0.454348812,-0.278018142,76.16111049,22.26802669,6.701159559,Cashew Nut,Anacardiaceae,Todo el año,Tropical húmedo,Media,46.94711746
Field_63,1/1/2023,15.78008666,77.84256385,0.522826243,0.577024089,-0.577024089,0.784110881,16.25944006,23.59821601,7.548800267,Cashew Nut,Anacardiaceae,Todo el año,Tropical húmedo,Media,37.23428049
Field_63,16/1/2023,15.78008666,77.84256385,0.450089451,0.534153631,-0.534153631,0.675026424,19.19144471,22.2013124,13.81908364,Cashew Nut,Anacardiaceae,Todo el año,Tropical húmedo,Media,47.97995405
Field_63,31/1/2023,15.78008666,77.84256385,0.329821337,0.438460938,-0.438460938,0.494649614,25.306215,24.60492643,13.25743935,Cashew Nut,Anacardiaceae,Todo el año,Tropical húmedo,Media,44.51630005
Field_63,15/2/2023,15.78008666,77.84256385,0.265525751,0.370553661,-0.370553661,0.398222985,29.43050006,16.00210648,5.734980861,Cashew Nut,Anacardiaceae,Todo el año,Tropical húmedo,Media,30.53649174
Field_63,3/2/2023,15.78008666,77.84256385,0.239666772,0.3363067,-0.3363067,0.359441515,31.44339409,19.45704578,5.584456429,Cashew Nut,Anacardiaceae,Todo el año,Tropical húmedo,Media,30.06702056
Field_63,17/3/2023,15.78008666,77.84256385,0.248754262,0.360744182,-0.360744182,0.373053464,30.10270006,22.88161796,12.76259028,Cashew Nut,Anacardiaceae,Todo el año,Tropical húmedo,Media,42.33586726
Field_63,4/1/2023,15.78008666,77.84256385,0.213128208,0.338941144,-0.338941144,0.319639586,31.57990288,23.30760768,5.340795005,Cashew Nut,Anacardiaceae,Todo el año,Tropical húmedo,Media,29.0028859
Field_63,16/4/2023,15.78008666,77.84256385,0.219701266,0.350789425,-0.350789425,0.329499222,30.90774803,26.44869978,5.371840669,Cashew Nut,Anacardiaceae,Todo el año,Tropical húmedo,Media,29.07591475
Field_63,5/1/2023,15.78008666,77.84256385,0.170116817,0.264191594,-0.264191594,0.25513918,35.83621151,23.2769182,12.01373123,Cashew Nut,Anacardiaceae,Todo el año,Tropical húmedo,Media,40.3953864
Field_63,16/5/2023,15.78008666,77.84256385,0.205854629,0.302080886,-0.302080886,0.308737769,33.53643289,25.1453084,5.362432892,Cashew Nut,Anacardiaceae,Todo el año,Tropical húmedo,Media,29.30543399
Field_63,31/5/2023,15.78008666,77.84256385,0.184443909,0.292783972,-0.292783972,0.276617936,34.22983893,38.34537097,5.193092906,Cashew Nut,Anacardiaceae,Todo el año,Tropical húmedo,Media,28.61687627
Field_63,15/6/2023,15.78008666,77.84256385,0.178996069,0.277807672,-0.277807672,0.268450224,35.05023236,42.67373903,5.179922018,Cashew Nut,Anacardiaceae,Todo el año,Tropical húmedo,Media,28.64817434
Field_63,30/7/2023,15.78008666,77.84256385,0.275752164,0.389908884,-0.389908884,0.413538986,28.33769672,40.15897324,12.98273226,Cashew Nut,Anacardiaceae,Todo el año,Tropical húmedo,Media,43.03485767
Field_63,14/8/2023,15.78008666,77.84256385,0.047727804,0.030250414,-0.030250414,0.071586177,49.03221419,36.68545659,10.07666995,Cashew Nut,Anacardiaceae,Todo el año,Tropical húmedo,Media,31.04769368
Field_63,29/8/2023,15.78008666,77.84256385,0.257233164,0.335264172,-0.335264172,0.385778036,31.31722674,43.30414646,12.4916463,Cashew Nut,Anacardiaceae,Todo el año,Tropical húmedo,Media,42.90966536
Field_63,28/9/2023,15.78008666,77.84256385,0.387869505,0.427456014,-0.427456014,0.581712159,25.27533587,21.00244574,13.63469121,Cashew Nut,Anacardiaceae,Todo el año,Tropical húmedo,Media,47.14533863
Field_63,13/10/2023,15.78008666,77.84256385,0.412407749,0.458312997,-0.458312997,0.618511825,23.44903747,22.27905149,6.841335437,Cashew Nut,Anacardiaceae,Todo el año,Tropical húmedo,Media,34.82432846
Field_63,28/10/2023,15.78008666,77.84256385,0.419439436,0.461169112,-0.461169112,0.629059902,23.23137801,30.60202218,6.897782099,Cashew Nut,Anacardiaceae,Todo el año,Tropical húmedo,Media,35.05384771
Field_63,12/12/2023,15.78008666,77.84256385,0.458593923,0.502063292,-0.502063292,0.687759127,20.74326258,21.90495184,7.1508513,Cashew Nut,Anacardiaceae,Todo el año,Tropical húmedo,Media,35.9301939
Field_63,27/12/2023,15.78008666,77.84256385,0.339843058,0.442884743,-0.442884743,0.509682423,24.97796557,26.52816465,6.228889154,Cashew Nut,Anacardiaceae,Todo el año,Tropical húmedo,Media,32.26831874
Field_64,1/1/2023,16.44830917,80.23826423,0.579223632,0.562119124,-0.562119124,0.868716962,16.44457331,20.15941396,15.45979995,Tobacco,Solanaceae,Estival,Subtropical,Media,53.43625237
Field_64,16/1/2023,16.44830917,80.23826423,0.60022311,0.585908615,-0.585908615,0.900195309,15.01531287,18.22409473,8.219574768,Tobacco,Solanaceae,Estival,Subtropical,Media,40.08240562
Field_64,31/1/2023,16.44830917,80.23826423,0.554071506,0.545320121,-0.545320121,0.830996341,17.5592793,18.9149309,7.902532683,Tobacco,Solanaceae,Estival,Subtropical,Media,38.93480942
Field_64,15/2/2023,16.44830917,80.23826423,0.569298553,0.567213625,-0.567213625,0.853823714,16.28578939,19.10122592,7.987202676,Tobacco,Solanaceae,Estival,Subtropical,Media,39.18519404
Field_64,3/2/2023,16.44830917,80.23826423,0.508624195,0.538672154,-0.538672154,0.762837596,18.36290122,20.91056841,14.43717459,Tobacco,Solanaceae,Estival,Subtropical,Media,50.5046657
Field_64,17/3/2023,16.44830917,80.23826423,0.563181205,0.553993709,-0.553993709,0.844636851,17.02333179,20.4345166,8.016366784,Tobacco,Solanaceae,Estival,Subtropical,Media,49.58658873
Field_64,4/1/2023,16.44830917,80.23826423,0.481334439,0.494326953,-0.494326953,0.721911666,20.90606785,23.51098595,2.430969578,Tobacco,Solanaceae,Estival,Subtropical,Media,36.92129971
Field_64,16/4/2023,16.44830917,80.23826423,0.381979581,0.411689042,-0.411689042,0.572899059,26.14061944,23.48170801,6.679521672,Tobacco,Solanaceae,Estival,Subtropical,Media,34.38615537
Field_64,5/1/2023,16.44830917,80.23826423,0.432708298,0.447945837,-0.447945837,0.648977278,23.77110298,23.8331935,13.81626131,Tobacco,Solanaceae,Estival,Subtropical,Media,48.64764638
Field_64,16/5/2023,16.44830917,80.23826423,0.408588193,0.435183691,-0.435183691,0.612791929,24.66912954,39.13974081,6.862032546,Tobacco,Solanaceae,Estival,Subtropical,Media,35.04341501
Field_64,31/5/2023,16.44830917,80.23826423,0.307675696,0.369980181,-0.369980181,0.461441223,29.0293124,29.44480219,6.113173497,Tobacco,Solanaceae,Estival,Subtropical,Media,32.16399181
Field_64,15/6/2023,16.44830917,80.23826423,0.229033689,0.327294872,-0.327294872,0.343489995,32.01217174,39.648358,5.511075768,Tobacco,Solanaceae,Estival,Subtropical,Media,29.79577055
Field_64,30/6/2023,16.44830917,80.23826423,0.217516749,0.306489306,-0.306489306,0.326213701,33.19221591,43.6140456,12.36464132,Tobacco,Solanaceae,Estival,Subtropical,Media,41.75163646
Field_64,30/7/2023,16.44830917,80.23826423,0.279356448,0.330798178,-0.330798178,0.418963891,31.31933762,44.9791969,13.3439909,Tobacco,Solanaceae,Estival,Subtropical,Media,44.30764619
Field_64,14/8/2023,16.44830917,80.23826423,0.279356448,0.330798178,-0.330798178,0.418963891,31.31933762,44.43059715,12.88959527,Tobacco,Solanaceae,Estival,Subtropical,Media,44.04682887
Field_64,29/8/2023,16.44830917,80.23826423,0.293453441,0.338533781,-0.338533781,0.440103369,30.78035311,44.62394529,13.19252569,Tobacco,Solanaceae,Estival,Subtropical,Media,44.64149236
Field_64,28/9/2023,16.44830917,80.23826423,0.499956126,0.482780039,-0.482780039,0.749836151,21.30552277,28.08424855,5.884564515,Tobacco,Solanaceae,Estival,Subtropical,Media,48.26163675
Field_64,13/10/2023,16.44830917,80.23826423,0.500204282,0.492601651,-0.492601651,0.750208773,20.80145395,23.96087163,7.545037156,Tobacco,Solanaceae,Estival,Subtropical,Media,37.68288628
Field_64,28/10/2023,16.44830917,80.23826423,0.452772517,0.433917361,-0.433917361,0.679073391,24.28254495,25.79075266,13.98748285,Tobacco,Solanaceae,Estival,Subtropical,Media,49.74307912
Field_64,11/12/2023,16.44830917,80.23826423,0.605429255,0.604706363,-0.604706363,0.908000859,14.002248,21.51916557,15.47485239,Tobacco,Solanaceae,Estival,Subtropical,Media,53.78053123
Field_64,12/12/2023,16.44830917,80.23826423,0.572267714,0.536340242,-0.536340242,0.858266482,17.83199559,22.71537933,15.0063451,Tobacco,Solanaceae,Estival,Subtropical,Media,53.31106005
Field_64,27/12/2023,16.44830917,80.23826423,0.52552851,0.48491909,-0.48491909,0.788172301,20.93512597,23.89007386,14.39295804,Tobacco,Solanaceae,Estival,Subtropical,Media,51.97567538
Field_65,1/1/2023,22.22783172,73.09804921,0.514965254,0.537443141,-0.537443141,0.772326652,18.36089958,8.005617797,7.57231971,Tobacco,Solanaceae,Estival,Subtropical,Media,37.54726128
Field_65,16/1/2023,22.22783172,73.09804921,0.491064448,0.521792081,-0.521792081,0.736484179,19.40420702,12.73214556,7.395453502,Tobacco,Solanaceae,Estival,Subtropical,Media,36.86913625
Field_65,31/1/2023,22.22783172,73.09804921,0.481349288,0.515748339,-0.515748339,0.721910055,19.81204659,7.813721293,14.78338078,Tobacco,Solanaceae,Estival,Subtropical,Media,50.00389644
Field_65,15/2/2023,22.22783172,73.09804921,0.452200779,0.502372714,-0.502372714,0.678195863,20.79275452,6.049874804,7.09346386,Tobacco,Solanaceae,Estival,Subtropical,Media,35.67980927
Field_65,3/2/2023,22.22783172,73.09804921,0.418207027,0.492305885,-0.492305885,0.62721555,21.65398471,7.822181923,6.813112106,Tobacco,Solanaceae,Estival,Subtropical,Media,34.52178037
Field_65,17/3/2023,22.22783172,73.09804921,0.4712503,0.508690875,-0.508690875,0.706769793,20.27557123,24.52826923,13.98466051,Tobacco,Solanaceae,Estival,Subtropical,Media,49.28404064
Field_65,4/1/2023,22.22783172,73.09804921,0.436624647,0.477850181,-0.477850181,0.654847198,22.20405932,11.01612175,7.0116162,Tobacco,Solanaceae,Estival,Subtropical,Media,35.46072272
Field_65,16/4/2023,22.22783172,73.09804921,0.421731517,0.476258691,-0.476258691,0.632517012,22.43742941,16.41452065,6.882729655,Tobacco,Solanaceae,Estival,Subtropical,Media,34.90779001
Field_65,5/1/2023,22.22783172,73.09804921,0.365312651,0.426441585,-0.426441585,0.547902329,25.55750734,7.964157183,13.82472831,Tobacco,Solanaceae,Estival,Subtropical,Media,46.39418475
Field_65,16/5/2023,22.22783172,73.09804921,0.312601533,0.391167276,-0.391167276,0.468845318,27.89709977,26.79573203,13.38914823,Tobacco,Solanaceae,Estival,Subtropical,Media,44.66235775
Field_65,31/5/2023,22.22783172,73.09804921,0.310681303,0.401161927,-0.401161927,0.465963509,27.40634027,15.93956641,6.067075389,Tobacco,Solanaceae,Estival,Subtropical,Media,31.79884756
Field_65,15/6/2023,22.22783172,73.09804921,0.281075358,0.351190347,-0.351190347,0.421562882,30.26046932,27.95099915,12.73154462,Tobacco,Solanaceae,Estival,Subtropical,Media,43.7129827
Field_65,28/9/2023,22.22783172,73.09804921,0.563947044,0.532899082,-0.532899082,0.845811522,18.09269422,15.08163594,15.42310962,Tobacco,Solanaceae,Estival,Subtropical,Media,53.27976197
Field_65,13/10/2023,22.22783172,73.09804921,0.516748937,0.488213346,-0.488213346,0.775021678,20.85657151,25.26427518,7.704028588,Tobacco,Solanaceae,Estival,Subtropical,Media,38.39230939
Field_65,28/10/2023,22.22783172,73.09804921,0.557941959,0.56050891,-0.56050891,0.836793552,16.7441449,24.9899168,7.901591905,Tobacco,Solanaceae,Estival,Subtropical,Media,38.85134787
Field_65,11/12/2023,22.22783172,73.09804921,0.5908836,0.604186021,-0.604186021,0.886204451,14.1773719,11.88861268,8.093510556,Tobacco,Solanaceae,Estival,Subtropical,Media,39.43557867
Field_65,27/11/2023,22.22783172,73.09804921,0.580865847,0.527425046,-0.527425046,0.871097037,18.19943282,22.4605039,14.86899155,Tobacco,Solanaceae,Estival,Subtropical,Media,53.70750238
Field_65,12/12/2023,22.22783172,73.09804921,0.599222962,0.559146777,-0.559146777,0.89871486,16.39210369,5.484115303,8.274139874,Tobacco,Solanaceae,Estival,Subtropical,Media,40.45798256
Field_65,27/12/2023,22.22783172,73.09804921,0.596173621,0.572616736,-0.572616736,0.894132997,15.73541126,13.86700042,8.214870879,Tobacco,Solanaceae,Estival,Subtropical,Media,40.13456908
Field_66,16/1/2023,26.68786153,81.07612468,0.414824465,0.411639491,-0.411639491,0.622158182,25.80770905,12.33872614,14.04487029,Tobacco,Solanaceae,Estival,Subtropical,Media,48.65807908
Field_66,31/1/2023,26.68786153,81.07612468,0.480591475,0.475615093,-0.475615093,0.720794487,21.86916502,5.310387776,7.410505945,Tobacco,Solanaceae,Estival,Subtropical,Media,37.19254972
Field_66,15/2/2023,26.68786153,81.07612468,0.47817218,0.49208009,-0.49208009,0.717168789,21.05309826,8.650700751,7.349355395,Tobacco,Solanaceae,Estival,Subtropical,Media,36.83783817
Field_66,3/2/2023,26.68786153,81.07612468,0.429182774,0.469015025,-0.469015025,0.643689639,22.7312239,8.410311819,6.966458871,Tobacco,Solanaceae,Estival,Subtropical,Media,35.30423233
Field_66,17/3/2023,26.68786153,81.07612468,0.31121014,0.382764923,-0.382764923,0.466748618,28.34037075,23.35223356,13.57824455,Tobacco,Solanaceae,Estival,Subtropical,Media,44.85014622
Field_66,4/1/2023,26.68786153,81.07612468,0.254965181,0.330518743,-0.330518743,0.38239964,31.58271173,10.53565402,5.734980861,Tobacco,Solanaceae,Estival,Subtropical,Media,30.75557828
Field_66,16/4/2023,26.68786153,81.07612468,0.236540029,0.321866446,-0.321866446,0.354772726,32.21270961,24.15817317,5.590101095,Tobacco,Solanaceae,Estival,Subtropical,Media,30.17134749
Field_66,5/1/2023,26.68786153,81.07612468,0.227938894,0.315416272,-0.315416272,0.34187331,32.62992594,6.85409619,12.80022139,Tobacco,Solanaceae,Estival,Subtropical,Media,42.26283841
Field_66,16/5/2023,26.68786153,81.07612468,0.272109159,0.343368245,-0.343368245,0.408124089,30.75147069,20.32919834,5.85822274,Tobacco,Solanaceae,Estival,Subtropical,Media,31.21461677
Field_66,31/5/2023,26.68786153,81.07612468,0.259503093,0.313882832,-0.313882832,0.389217497,32.38586894,20.80252992,5.814946966,Tobacco,Solanaceae,Estival,Subtropical,Media,31.18331869
Field_66,15/6/2023,26.68786153,81.07612468,0.217498574,0.284939449,-0.284939449,0.326216839,34.29283144,33.98877024,12.98837693,Tobacco,Solanaceae,Estival,Subtropical,Media,42.44019419
Field_66,29/8/2023,26.68786153,81.07612468,0.018660367,-0.022104574,0.022104574,0.02798838,52.00255078,26.12499424,11.34389751,Tobacco,Solanaceae,Estival,Subtropical,Media,43.08702114
Field_66,28/9/2023,26.68786153,81.07612468,0.553321622,0.533390691,-0.533390691,0.829875048,18.1761066,21.70190211,7.92417057,Tobacco,Solanaceae,Estival,Subtropical,Media,39.09129981
Field_66,13/10/2023,26.68786153,81.07612468,0.470082964,0.487515346,-0.487515346,0.705037578,21.36880816,19.92040785,7.288204844,Tobacco,Solanaceae,Estival,Subtropical,Media,36.59788624
Field_66,28/10/2023,26.68786153,81.07612468,0.36209093,0.421699462,-0.421699462,0.543070219,25.83256391,25.33996229,13.54155422,Tobacco,Solanaceae,Estival,Subtropical,Media,46.18553089
Field_66,11/12/2023,26.68786153,81.07612468,0.298189918,0.376039599,-0.376039599,0.44723047,28.81676907,5.974601298,12.81056995,Tobacco,Solanaceae,Estival,Subtropical,Media,44.02596349
Field_66,27/11/2023,26.68786153,81.07612468,0.330116366,0.443256822,-0.443256822,0.495103672,25.05830311,16.80107351,13.33364235,Tobacco,Solanaceae,Estival,Subtropical,Media,44.49543466
Field_66,12/12/2023,26.68786153,81.07612468,0.329016868,0.364333422,-0.364333422,0.493458842,29.09970587,5.445147962,6.317322258,Tobacco,Solanaceae,Estival,Subtropical,Media,33.08206877
Field_66,27/12/2023,26.68786153,81.07612468,0.315822231,0.33748071,-0.33748071,0.473671667,30.60567786,5.542355939,13.22263058,Tobacco,Solanaceae,Estival,Subtropical,Media,45.53870394
Field_67,1/1/2023,10.03287404,76.11174283,-0.313477202,-0.643862644,0.643862644,-0.469330519,87.14431446,17.39407921,6.701159559,Rubber,Euphorbiaceae,Todo el año,Tropical húmedo,Alta,46.94711746
Field_67,16/1/2023,10.03287404,76.11174283,-0.165444874,-0.4264379,0.4264379,-0.247859573,74.52982123,23.22550551,6.701159559,Rubber,Euphorbiaceae,Todo el año,Tropical húmedo,Alta,46.94711746
Field_67,31/1/2023,10.03287404,76.11174283,-0.140344757,-0.351896971,0.351896971,-0.210312442,70.46709131,20.690673,6.701159559,Rubber,Euphorbiaceae,Todo el año,Tropical húmedo,Alta,46.94711746
Field_67,15/2/2023,10.03287404,76.11174283,-0.040341798,-0.184058961,0.184058961,-0.060478052,60.8752313,21.33142399,6.701159559,Rubber,Euphorbiaceae,Todo el año,Tropical húmedo,Alta,44.7353866
Field_67,3/2/2023,10.03287404,76.11174283,-0.115571339,-0.199027294,0.199027294,-0.17327546,62.40788964,17.62184237,6.701159559,Rubber,Euphorbiaceae,Todo el año,Tropical húmedo,Alta,45.20485777
Field_67,17/3/2023,10.03287404,76.11174283,0.019934091,-0.0215229,0.0215229,0.029895193,51.95983961,27.00106366,6.701159559,Rubber,Euphorbiaceae,Todo el año,Tropical húmedo,Alta,42.00202109
Field_67,4/1/2023,10.03287404,76.11174283,-0.00732166,-0.063340314,0.063340314,-0.010961207,54.37357905,15.41499623,6.701159559,Rubber,Euphorbiaceae,Todo el año,Tropical húmedo,Alta,42.74274228
Field_67,16/4/2023,10.03287404,76.11174283,0.052594827,0.038039203,-0.038039203,0.078882823,48.58477831,38.30422719,6.701159559,Rubber,Euphorbiaceae,Todo el año,Tropical húmedo,Alta,40.96918451
Field_67,13/10/2023,10.03287404,76.11174283,-0.524735836,-0.693769452,0.693769452,-0.785914668,91.85033209,35.31503213,6.701159559,Rubber,Euphorbiaceae,Todo el año,Tropical húmedo,Alta,46.94711746
Field_67,11/12/2023,10.03287404,76.11174283,-0.23492494,-0.457596238,0.457596238,-0.352076575,76.83049334,15.00075916,6.701159559,Rubber,Euphorbiaceae,Todo el año,Tropical húmedo,Alta,46.94711746
Field_67,27/11/2023,10.03287404,76.11174283,-0.210132641,-0.605033275,0.605033275,-0.313884347,84.1060722,28.24436788,6.701159559,Rubber,Euphorbiaceae,Todo el año,Tropical húmedo,Alta,46.94711746
Field_67,27/12/2023,10.03287404,76.11174283,-0.150091606,-0.38900263,0.38900263,-0.224793478,72.46141175,15.78883775,6.701159559,Rubber,Euphorbiaceae,Todo el año,Tropical húmedo,Alta,46.94711746
Field_68,1/1/2023,9.863943676,76.36752925,-0.196475777,-0.379945449,0.379945449,-0.29450268,72.47262819,22.01744143,3.3708065,Rubber,Euphorbiaceae,Todo el año,Tropical húmedo,Alta,36.51442469
Field_68,16/1/2023,9.863943676,76.36752925,-0.289636767,-0.450011005,0.450011005,-0.434051492,77.00192317,16.25419575,9.902626073,Rubber,Euphorbiaceae,Todo el año,Tropical húmedo,Alta,47.21836747
Field_68,31/1/2023,9.863943676,76.36752925,-0.228535059,-0.366591044,0.366591044,-0.342598737,72.11811136,22.49816802,9.788791972,Rubber,Euphorbiaceae,Todo el año,Tropical húmedo,Alta,47.15577132
Field_68,15/2/2023,9.863943676,76.36752925,-0.18620676,-0.328939963,0.328939963,-0.279144563,69.76318897,20.48971725,3.342583169,Rubber,Euphorbiaceae,Todo el año,Tropical húmedo,Alta,36.51442469
Field_68,3/2/2023,9.863943676,76.36752925,-0.255300932,-0.409552296,0.409552296,-0.382608468,74.5852571,24.57046859,2.915470093,Rubber,Euphorbiaceae,Todo el año,Tropical húmedo,Alta,36.51442469
Field_68,17/3/2023,9.863943676,76.36752925,-0.212809755,-0.34547745,0.34547745,-0.318984563,70.87935839,20.55684817,10.03527573,Rubber,Euphorbiaceae,Todo el año,Tropical húmedo,Alta,47.29139632
Field_68,4/1/2023,9.863943676,76.36752925,-0.082408545,-0.194259389,0.194259389,-0.12355407,61.82573215,17.4154426,3.954088674,Rubber,Euphorbiaceae,Todo el año,Tropical húmedo,Alta,34.59480922
Field_68,16/4/2023,9.863943676,76.36752925,-0.181616311,-0.334471709,0.334471709,-0.272277045,69.99878243,34.92101875,10.0700845,Rubber,Euphorbiaceae,Todo el año,Tropical húmedo,Alta,47.31226171
Field_68,16/5/2023,9.863943676,76.36752925,-0.339962792,-0.5215961,0.5215961,-0.509461086,81.17134439,20.65216371,9.892277519,Rubber,Euphorbiaceae,Todo el año,Tropical húmedo,Alta,47.21836747
Field_68,31/5/2023,9.863943676,76.36752925,-0.339962792,-0.5215961,0.5215961,-0.509461086,81.17134439,28.77700084,41.18254383,Rubber,Euphorbiaceae,Todo el año,Tropical húmedo,Alta,64.56793555
Field_68,13/10/2023,9.863943676,76.36752925,-0.197413946,-0.351789483,0.351789483,-0.29595888,71.04444292,33.96198711,19.23984475,Rubber,Euphorbiaceae,Todo el año,Tropical húmedo,Alta,52.40341578
Field_68,12/12/2023,9.863943676,76.36752925,-0.331652544,-0.506095799,0.506095799,-0.497059272,80.29495976,22.73967602,2.460133686,Rubber,Euphorbiaceae,Todo el año,Tropical húmedo,Alta,36.51442469
Field_68,27/12/2023,9.863943676,76.36752925,-0.298659565,-0.485758239,0.485758239,-0.44763063,78.9194819,20.23677351,9.73234531,Rubber,Euphorbiaceae,Todo el año,Tropical húmedo,Alta,47.12447324
Field_69,1/1/2023,13.02805767,77.79952523,0.516526271,0.555171524,-0.555171524,0.774673649,17.43966836,17.26219042,7.544096379,Rubber,Euphorbiaceae,Todo el año,Tropical húmedo,Alta,37.32817473
Field_69,16/1/2023,13.02805767,77.79952523,0.458493746,0.529951679,-0.529951679,0.687639228,19.32018273,19.98210869,7.084996861,Rubber,Euphorbiaceae,Todo el año,Tropical húmedo,Alta,35.48158811
Field_69,31/1/2023,13.02805767,77.79952523,0.418021192,0.506202382,-0.506202382,0.626939816,20.94626677,18.70478767,14.16058594,Rubber,Euphorbiaceae,Todo el año,Tropical húmedo,Alta,47.36442517
Field_69,15/2/2023,13.02805767,77.79952523,0.366224392,0.487841166,-0.487841166,0.54926218,22.4128649,24.90761023,6.359657254,Rubber,Euphorbiaceae,Todo el año,Tropical húmedo,Alta,32.58129952
Field_69,3/2/2023,13.02805767,77.79952523,0.330789061,0.480370381,-0.480370381,0.496118458,23.15625238,20.37537443,6.060489945,Rubber,Euphorbiaceae,Todo el año,Tropical húmedo,Alta,31.32937639
Field_69,17/3/2023,13.02805767,77.79952523,0.312352332,0.432552387,-0.432552387,0.468465416,25.78634016,26.42678375,13.13513825,Rubber,Euphorbiaceae,Todo el año,Tropical húmedo,Alta,43.8694731
Field_69,4/1/2023,13.02805767,77.79952523,0.226360768,0.274698377,-0.274698377,0.33947897,34.72527686,16.54529015,5.610798205,Rubber,Euphorbiaceae,Todo el año,Tropical húmedo,Alta,30.51562635
Field_69,16/4/2023,13.02805767,77.79952523,0.302360039,0.438050391,-0.438050391,0.453484134,25.60763807,25.53579628,5.905261625,Rubber,Euphorbiaceae,Todo el año,Tropical húmedo,Alta,30.90163598
Field_69,5/1/2023,13.02805767,77.79952523,0.300968773,0.430338059,-0.430338059,0.45139508,26.01567229,21.10217455,13.93009541,Rubber,Euphorbiaceae,Todo el año,Tropical húmedo,Alta,43.90077117
Field_69,16/5/2023,13.02805767,77.79952523,0.481467155,0.526848719,-0.526848719,0.722112448,19.24400891,31.93411049,7.297612621,Rubber,Euphorbiaceae,Todo el año,Tropical húmedo,Alta,36.42053046
Field_69,31/5/2023,13.02805767,77.79952523,0.416228755,0.402936178,-0.402936178,0.624264225,26.23779642,23.87650243,14.24619672,Rubber,Euphorbiaceae,Todo el año,Tropical húmedo,Alta,38.5279344
Field_69,14/8/2023,13.02805767,77.79952523,0.176365973,0.186231639,-0.186231639,0.264522927,39.75336569,43.33694196,4.74528272,Rubber,Euphorbiaceae,Todo el año,Tropical húmedo,Alta,40.4058191
Field_69,13/10/2023,13.02805767,77.79952523,0.520313796,0.540404269,-0.540404269,0.780365736,18.15506744,30.39133461,7.612773151,Rubber,Euphorbiaceae,Todo el año,Tropical húmedo,Alta,37.71418436
Field_69,28/10/2023,13.02805767,77.79952523,0.509355337,0.547421994,-0.547421994,0.763937042,17.90862908,33.13213103,14.81724878,Rubber,Euphorbiaceae,Todo el año,Tropical húmedo,Alta,50.60899262
Field_69,11/12/2023,13.02805767,77.79952523,0.538251544,0.559392803,-0.559392803,0.807264596,17.00223394,18.61082347,15.0063451,Rubber,Euphorbiaceae,Todo el año,Tropical húmedo,Alta,51.64182921
Field_69,27/11/2023,13.02805767,77.79952523,0.538251544,0.559392803,-0.559392803,0.807264596,17.00223394,32.02555919,14.55100869,Rubber,Euphorbiaceae,Todo el año,Tropical húmedo,Alta,51.39144458
Field_69,27/12/2023,13.02805767,77.79952523,0.445436438,0.510527304,-0.510527304,0.668056171,20.4454289,15.95504439,7.013497756,Rubber,Euphorbiaceae,Todo el año,Tropical húmedo,Alta,35.28336695
Field_70,1/1/2023,34.14471112,74.69581565,0.143108476,0.174044262,-0.174044262,0.21462145,40.71536105,2.177985264,5.102778246,Saffron,Iridaceae,Invernal,Subtropical seco,Baja,28.87769359
Field_70,15/2/2023,34.14471112,74.69581565,0.183900424,0.184293438,-0.184293438,0.275786358,39.7753903,0.712090027,12.31760243,Saffron,Iridaceae,Invernal,Subtropical seco,Baja,42.34629995
Field_70,3/2/2023,34.14471112,74.69581565,0.270624219,0.27876126,-0.27876126,0.405845883,34.06575123,-4.68163756,12.77387961,Saffron,Iridaceae,Invernal,Subtropical seco,Baja,44.46413658
Field_70,17/3/2023,34.14471112,74.69581565,0.310571429,0.335046161,-0.335046161,0.465754155,30.78362239,13.03639021,6.011569505,Saffron,Iridaceae,Invernal,Subtropical seco,Baja,43.26437691
Field_70,4/1/2023,34.14471112,74.69581565,0.275249925,0.260239098,-0.260239098,0.412785441,34.96433203,-0.984325745,13.20005191,Saffron,Iridaceae,Invernal,Subtropical seco,Baja,45.17355969
Field_70,16/4/2023,34.14471112,74.69581565,0.402304316,0.412454209,-0.412454209,0.603347984,25.89397272,2.957844272,14.05898195,Saffron,Iridaceae,Invernal,Subtropical seco,Baja,48.16774252
Field_70,5/1/2023,34.14471112,74.69581565,0.353633277,0.313361115,-0.313361115,0.530345689,31.45117035,4.541023247,2.664282447,Saffron,Iridaceae,Invernal,Subtropical seco,Baja,45.25702123
Field_70,16/5/2023,34.14471112,74.69581565,0.338795642,0.317024998,-0.317024998,0.50810198,31.41561139,8.572059985,1.92671273,Saffron,Iridaceae,Invernal,Subtropical seco,Baja,44.63105967
Field_70,31/5/2023,34.14471112,74.69581565,0.349665043,0.30792178,-0.30792178,0.524411318,31.76945366,8.731675519,9.562064546,Saffron,Iridaceae,Invernal,Subtropical seco,Baja,45.27788662
Field_70,15/6/2023,34.14471112,74.69581565,0.400193492,0.343191386,-0.343191386,0.600190951,29.45239273,21.7954669,7.003149201,Saffron,Iridaceae,Invernal,Subtropical seco,Baja,36.15971314
Field_70,30/6/2023,34.14471112,74.69581565,0.562671096,0.470628428,-0.470628428,0.8438617,21.28553706,23.36279171,8.155601884,Saffron,Iridaceae,Invernal,Subtropical seco,Baja,40.43711717
Field_70,15/7/2023,34.14471112,74.69581565,0.667267863,0.550856791,-0.550856791,1.000737873,16.12049261,24.23223001,15.61596905,Saffron,Iridaceae,Invernal,Subtropical seco,Baja,57.09812753
Field_70,14/8/2023,34.14471112,74.69581565,0.748474383,0.655445438,-0.655445438,1.122552063,9.950387202,28.46939813,9.520670327,Saffron,Iridaceae,Invernal,Subtropical seco,Baja,44.77711737
Field_70,29/8/2023,34.14471112,74.69581565,0.67244655,0.575541845,-0.575541845,1.008548536,14.80707657,26.59154445,8.88940849,Saffron,Iridaceae,Invernal,Subtropical seco,Baja,43.03485767
Field_70,13/9/2023,34.14471112,74.69581565,0.533283554,0.503135528,-0.503135528,0.799825712,19.92571373,2.882322886,7.815981134,Saffron,Iridaceae,Invernal,Subtropical seco,Baja,38.78875172
Field_70,28/9/2023,34.14471112,74.69581565,0.333061032,0.395704805,-0.395704805,0.499514368,27.45644338,22.50648025,8.827317162,Saffron,Iridaceae,Invernal,Subtropical seco,Baja,32.7482226
Field_70,13/10/2023,34.14471112,74.69581565,0.294389253,0.346707831,-0.346707831,0.441503156,30.35339307,20.70774832,1.399877218,Saffron,Iridaceae,Invernal,Subtropical seco,Baja,32.01793411
Field_70,28/10/2023,34.14471112,74.69581565,0.158430399,0.158612358,-0.158612358,0.237608771,41.34690065,12.33869363,5.276822121,Saffron,Iridaceae,Invernal,Subtropical seco,Baja,29.71230901
Field_70,11/12/2023,34.14471112,74.69581565,0.194779575,0.203295779,-0.203295779,0.292118607,38.69394032,-3.425660147,12.86889816,Saffron,Iridaceae,Invernal,Subtropical seco,Baja,42.77404035
Field_70,27/11/2023,34.14471112,74.69581565,0.024325578,0.023848756,-0.023848756,0.036484166,49.59811484,19.76001793,11.00803987,Saffron,Iridaceae,Invernal,Subtropical seco,Baja,42.16894417
Field_70,12/12/2023,34.14471112,74.69581565,0.066237322,0.061274979,-0.061274979,0.09934147,47.25892897,1.98304817,12.07488178,Saffron,Iridaceae,Invernal,Subtropical seco,Baja,42.04375186
Field_70,27/12/2023,34.14471112,74.69581565,0.026168067,0.055875004,-0.055875004,0.039250168,47.9438975,-1.84612053,10.93559999,Saffron,Iridaceae,Invernal,Subtropical seco,Baja,41.62644415
Field_71,1/1/2023,34.38346153,74.88532674,-0.045716946,-0.083250776,0.083250776,-0.068569507,55.78242051,4.733828605,4.020883891,Saffron,Iridaceae,Invernal,Subtropical seco,Baja,32.7482226
Field_71,16/1/2023,34.38346153,74.88532674,-0.039839929,-0.070470015,0.070470015,-0.059756017,55.06975774,1.53532059,4.043462556,Saffron,Iridaceae,Invernal,Subtropical seco,Baja,32.52913606
Field_71,31/1/2023,34.38346153,74.88532674,-0.024427968,-0.028005145,0.028005145,-0.036640645,52.74391546,-4.751929798,11.23947119,Saffron,Iridaceae,Invernal,Subtropical seco,Baja,43.26437691
Field_71,15/2/2023,34.38346153,74.88532674,-0.014014011,-0.004505494,0.004505494,-0.021020172,51.43756416,0.42329049,10.72392501,Saffron,Iridaceae,Invernal,Subtropical seco,Baja,42.57581919
Field_71,3/2/2023,34.38346153,74.88532674,-0.002379179,0.011176688,-0.011176688,-0.003568691,50.51793836,-0.643662634,11.21124785,Saffron,Iridaceae,Invernal,Subtropical seco,Baja,42.5653865
Field_71,17/3/2023,34.38346153,74.88532674,-0.066509816,-0.124877194,0.124877194,-0.099762756,58.12040229,13.80694507,3.700078695,Saffron,Iridaceae,Invernal,Subtropical seco,Baja,43.89033848
Field_71,4/1/2023,34.38346153,74.88532674,-0.016381009,-0.010654399,0.010654399,-0.024570816,51.775728,3.768039737,0.87116015,Saffron,Iridaceae,Invernal,Subtropical seco,Baja,41.94985763
Field_71,16/4/2023,34.38346153,74.88532674,-0.038602219,-0.066205721,0.066205721,-0.05790152,54.83936368,2.581288431,10.72956967,Saffron,Iridaceae,Invernal,Subtropical seco,Baja,43.61908847
Field_71,5/1/2023,34.38346153,74.88532674,-0.042243511,-0.037203295,0.037203295,-0.063363433,53.3955611,1.308679033,10.64772201,Saffron,Iridaceae,Invernal,Subtropical seco,Baja,43.12875191
Field_71,16/5/2023,34.38346153,74.88532674,-0.020038068,-0.005661959,0.005661959,-0.030056326,51.55814125,7.515765322,1.450679214,Saffron,Iridaceae,Invernal,Subtropical seco,Baja,41.88726147
Field_71,31/5/2023,34.38346153,74.88532674,-0.058402035,-0.069419202,0.069419202,-0.087598931,55.20567109,6.055392506,11.15197886,Saffron,Iridaceae,Invernal,Subtropical seco,Baja,43.96336733
Field_71,15/6/2023,34.38346153,74.88532674,0.001396392,0.037536785,-0.037536785,0.002091907,49.13331714,26.71778822,4.157296658,Saffron,Iridaceae,Invernal,Subtropical seco,Baja,30.70341482
Field_71,30/6/2023,34.38346153,74.88532674,0.013765313,0.051527616,-0.051527616,0.020644328,48.2925619,25.9900855,4.235381207,Saffron,Iridaceae,Invernal,Subtropical seco,Baja,30.45303019
Field_71,15/7/2023,34.38346153,74.88532674,-0.013964417,-0.018720511,0.018720511,-0.020944038,52.16293857,23.24503626,11.53487538,Saffron,Iridaceae,Invernal,Subtropical seco,Baja,43.24351153
Field_71,30/7/2023,34.38346153,74.88532674,0.147266691,0.151403647,-0.151403647,0.220855374,41.82902249,27.85046752,12.35052965,Saffron,Iridaceae,Invernal,Subtropical seco,Baja,41.45952107
Field_71,14/8/2023,34.38346153,74.88532674,0.054930944,0.054971697,-0.054971697,0.082382885,47.69627271,25.15155704,9.521611105,Saffron,Iridaceae,Invernal,Subtropical seco,Baja,30.32783788
Field_71,29/8/2023,34.38346153,74.88532674,0.226276632,0.238779043,-0.238779043,0.339355775,36.56033433,29.00386542,5.69452742,Saffron,Iridaceae,Invernal,Subtropical seco,Baja,31.07899176
Field_71,13/9/2023,34.38346153,74.88532674,0.179508606,0.204167248,-0.204167248,0.269203159,38.80539981,19.46692818,5.357729003,Saffron,Iridaceae,Invernal,Subtropical seco,Baja,29.81663594
Field_71,28/9/2023,34.38346153,74.88532674,-0.026771493,-0.046056998,0.046056998,-0.040154297,53.68965609,14.46667212,4.102731551,Saffron,Iridaceae,Invernal,Subtropical seco,Baja,32.10139565
Field_71,13/10/2023,34.38346153,74.88532674,0.000140149,0.013358262,-0.013358262,0.000206387,50.38080805,5.453350643,1.469494768,Saffron,Iridaceae,Invernal,Subtropical seco,Baja,31.08942445
Field_71,28/10/2023,34.38346153,74.88532674,0.031771714,0.070589544,-0.070589544,0.047651131,47.13527944,7.233489082,4.351096864,Saffron,Iridaceae,Invernal,Subtropical seco,Baja,30.09831864
Field_71,11/12/2023,34.38346153,74.88532674,0.009612393,0.024436536,-0.024436536,0.014416124,49.71836411,3.795220655,4.261722982,Saffron,Iridaceae,Invernal,Subtropical seco,Baja,30.8807706
Field_71,27/11/2023,34.38346153,74.88532674,-0.0359749,-0.049724473,0.049724473,-0.054003345,53.97092663,11.37517739,10.79918722,Saffron,Iridaceae,Invernal,Subtropical seco,Baja,43.38956923
Field_71,12/12/2023,34.38346153,74.88532674,0.010072091,0.027263293,-0.027263293,0.015106969,49.5693227,4.842529221,10.99486898,Saffron,Iridaceae,Invernal,Subtropical seco,Baja,42.14807879
Field_71,27/12/2023,34.38346153,74.88532674,-0.040824831,-0.088718023,0.088718023,-0.061229367,56.0116395,0.791523478,4.077330553,Saffron,Iridaceae,Invernal,Subtropical seco,Baja,32.81081876
Field_72,1/1/2023,34.19831024,74.8118553,0.205309169,0.225919976,-0.225919976,0.307909547,37.43111255,-1.226594255,5.537417544,Saffron,Iridaceae,Invernal,Subtropical seco,Baja,30.47389558
Field_72,15/2/2023,34.19831024,74.8118553,0.131987834,0.127291496,-0.127291496,0.197958443,43.21633535,-3.156286811,11.93658746,Saffron,Iridaceae,Invernal,Subtropical seco,Baja,41.02134797
Field_72,3/2/2023,34.19831024,74.8118553,0.422217919,0.409707902,-0.409707902,0.633216836,25.83083602,1.708523382,14.06086351,Saffron,Iridaceae,Invernal,Subtropical seco,Baja,48.98149255
Field_72,17/3/2023,34.19831024,74.8118553,0.42451261,0.405699454,-0.405699454,0.636667487,26.01208947,2.480716623,4.558067958,Saffron,Iridaceae,Invernal,Subtropical seco,Baja,46.55067514
Field_72,4/1/2023,34.19831024,74.8118553,0.139499409,0.085883051,-0.085883051,0.209201822,45.25411678,-1.251623301,1.619078422,Saffron,Iridaceae,Invernal,Subtropical seco,Baja,40.55187679
Field_72,16/4/2023,34.19831024,74.8118553,0.541022027,0.512403667,-0.512403667,0.811433283,19.37341001,24.49365966,14.75139434,Saffron,Iridaceae,Invernal,Subtropical seco,Baja,52.34081962
Field_72,5/1/2023,34.19831024,74.8118553,0.548025317,0.499334101,-0.499334101,0.821927174,19.96927542,3.615895528,15.01669365,Saffron,Iridaceae,Invernal,Subtropical seco,Baja,52.96678119
Field_72,16/5/2023,34.19831024,74.8118553,0.42134593,0.426533649,-0.426533649,0.631930362,24.98054534,8.896208913,1.940824396,Saffron,Iridaceae,Invernal,Subtropical seco,Baja,46.10206935
Field_72,31/5/2023,34.19831024,74.8118553,0.397448853,0.401629915,-0.401629915,0.596081998,26.4962967,17.16546751,6.933531651,Saffron,Iridaceae,Invernal,Subtropical seco,Baja,45.57000202
Field_72,15/6/2023,34.19831024,74.8118553,0.371279195,0.362951843,-0.362951843,0.556835173,28.73863552,24.80060354,6.698337226,Saffron,Iridaceae,Invernal,Subtropical seco,Baja,34.73043423
Field_72,30/6/2023,34.19831024,74.8118553,0.416680743,0.363820456,-0.363820456,0.624928121,28.23060004,29.81745159,7.10193086,Saffron,Iridaceae,Invernal,Subtropical seco,Baja,36.47269392
Field_72,15/7/2023,34.19831024,74.8118553,0.536958513,0.473721158,-0.473721158,0.805313106,21.39020812,28.82546724,14.96777321,Saffron,Iridaceae,Invernal,Subtropical seco,Baja,52.91461773
Field_72,14/8/2023,34.19831024,74.8118553,0.595547276,0.536321913,-0.536321913,0.893184468,17.59518034,26.16470959,8.669266508,Saffron,Iridaceae,Invernal,Subtropical seco,Baja,40.67706911
Field_72,29/8/2023,34.19831024,74.8118553,0.564099333,0.519096596,-0.519096596,0.846031091,18.79595419,29.58612763,8.053997892,Saffron,Iridaceae,Invernal,Subtropical seco,Baja,39.73812676
Field_72,13/9/2023,34.19831024,74.8118553,0.504995305,0.479034086,-0.479034086,0.757387604,21.44534302,22.21355727,7.620299372,Saffron,Iridaceae,Invernal,Subtropical seco,Baja,38.07932861
Field_72,28/9/2023,34.19831024,74.8118553,0.359297593,0.401977341,-0.401977341,0.538862958,26.86818961,12.60220019,6.498892354,Saffron,Iridaceae,Invernal,Subtropical seco,Baja,33.65586687
Field_72,13/10/2023,34.19831024,74.8118553,0.315410443,0.348807053,-0.348807053,0.473029614,30.03151082,24.25919939,1.684932861,Saffron,Iridaceae,Invernal,Subtropical seco,Baja,32.80038607
Field_72,28/10/2023,34.19831024,74.8118553,0.177808528,0.171779335,-0.171779335,0.266668069,40.47663088,17.3837323,5.418879554,Saffron,Iridaceae,Invernal,Subtropical seco,Baja,30.25480903
Field_72,11/12/2023,34.19831024,74.8118553,0.181842817,0.166355878,-0.166355878,0.272723934,40.71237459,-2.481244241,12.31195776,Saffron,Iridaceae,Invernal,Subtropical seco,Baja,42.54452111
Field_72,27/11/2023,34.19831024,74.8118553,0.047919775,0.045150555,-0.045150555,0.071871566,48.26938729,8.716249683,11.71644548,Saffron,Iridaceae,Invernal,Subtropical seco,Baja,42.15851148
Field_72,12/12/2023,34.19831024,74.8118553,0.112387984,0.105294129,-0.105294129,0.16855829,44.53978784,4.532159577,12.37498987,Saffron,Iridaceae,Invernal,Subtropical seco,Baja,41.37605952
Field_72,27/12/2023,34.19831024,74.8118553,0.042579207,0.077216381,-0.077216381,0.063864929,46.68650862,-4.61100079,11.76160281,Saffron,Iridaceae,Invernal,Subtropical seco,Baja,41.699473
Field_73,1/1/2023,23.38666321,77.48365068,0.455993546,0.464461711,-0.464461711,0.683895272,22.68992097,14.45785857,7.216705739,Linseed,Linaceae,Invernal,Subtropical,Baja,36.41009777
Field_73,16/1/2023,23.38666321,77.48365068,0.489388803,0.528228963,-0.528228963,0.733978887,19.09262481,11.53478098,14.83136045,Linseed,Linaceae,Invernal,Subtropical,Baja,50.14995414
Field_73,31/1/2023,23.38666321,77.48365068,0.421114622,0.37769486,-0.37769486,0.631594045,27.4768297,6.617862597,14.49926592,Linseed,Linaceae,Invernal,Subtropical,Baja,49.68048297
Field_73,15/2/2023,23.38666321,77.48365068,0.510254669,0.545596213,-0.545596213,0.765271983,17.99267669,9.006498059,7.510228382,Linseed,Linaceae,Invernal,Subtropical,Baja,37.24471319
Field_73,3/2/2023,23.38666321,77.48365068,0.416773991,0.503473352,-0.503473352,0.625075313,21.09836044,10.66431179,6.77454022,Linseed,Linaceae,Invernal,Subtropical,Baja,34.29226113
Field_73,17/3/2023,23.38666321,77.48365068,0.118309837,0.110901792,-0.110901792,0.177452469,44.19295692,21.227882,5.030338364,Linseed,Linaceae,Invernal,Subtropical,Baja,29.19067437
Field_73,4/1/2023,23.38666321,77.48365068,0.276931281,0.375998496,-0.375998496,0.415341732,29.03597974,8.657508292,5.824354743,Linseed,Linaceae,Invernal,Subtropical,Baja,30.89120329
Field_73,16/4/2023,23.38666321,77.48365068,0.241527522,0.338583789,-0.338583789,0.362242744,31.30811236,17.7986293,5.595745761,Linseed,Linaceae,Invernal,Subtropical,Baja,30.10875133
Field_73,5/1/2023,23.38666321,77.48365068,0.358658029,0.415011096,-0.415011096,0.537914874,26.20916091,11.01901244,6.463142801,Linseed,Linaceae,Invernal,Subtropical,Baja,33.43678033
Field_73,16/5/2023,23.38666321,77.48365068,0.278027674,0.353180855,-0.353180855,0.416990685,30.18995087,26.75619612,5.887386848,Linseed,Linaceae,Invernal,Subtropical,Baja,31.28764562
Field_73,31/5/2023,23.38666321,77.48365068,0.285042084,0.375362603,-0.375362603,0.427512322,28.98561664,24.33512303,5.897735403,Linseed,Linaceae,Invernal,Subtropical,Baja,31.21461677
Field_73,15/6/2023,23.38666321,77.48365068,0.2468282,0.349086816,-0.349086816,0.370200289,30.71764671,26.07205104,5.618324426,Linseed,Linaceae,Invernal,Subtropical,Baja,30.1504821
Field_73,29/8/2023,23.38666321,77.48365068,0.442117047,0.450056544,-0.450056544,0.663085463,23.5672307,28.47564904,13.7362952,Linseed,Linaceae,Invernal,Subtropical,Baja,48.93976178
Field_73,13/9/2023,23.38666321,77.48365068,0.442117047,0.450056544,-0.450056544,0.663085463,23.5672307,16.99178063,13.81720208,Linseed,Linaceae,Invernal,Subtropical,Baja,48.98149255
Field_73,28/9/2023,23.38666321,77.48365068,0.510764607,0.515536496,-0.515536496,0.766042538,19.52244929,20.20435916,7.585490598,Linseed,Linaceae,Invernal,Subtropical,Baja,37.73504975
Field_73,13/10/2023,23.38666321,77.48365068,0.449236386,0.489302043,-0.489302043,0.673756686,21.49047509,27.02172,7.097226971,Linseed,Linaceae,Invernal,Subtropical,Baja,35.76327081
Field_73,28/10/2023,23.38666321,77.48365068,0.379253598,0.449318739,-0.449318739,0.568797529,24.24692276,24.88139799,6.566628348,Linseed,Linaceae,Invernal,Subtropical,Baja,33.68716495
Field_73,11/12/2023,23.38666321,77.48365068,0.328169847,0.418148584,-0.418148584,0.4921825,26.36031901,10.74807914,12.91687783,Linseed,Linaceae,Invernal,Subtropical,Baja,44.5893289
Field_73,27/11/2023,23.38666321,77.48365068,0.295971312,0.379565024,-0.379565024,0.443892426,28.65940378,19.80367787,12.68920962,Linseed,Linaceae,Invernal,Subtropical,Baja,43.81730963
Field_73,12/12/2023,23.38666321,77.48365068,0.424344447,0.453964459,-0.453964459,0.636414753,23.54918481,8.333124009,6.957991871,Linseed,Linaceae,Invernal,Subtropical,Baja,35.3563958
Field_73,27/12/2023,23.38666321,77.48365068,0.470161203,0.497357648,-0.497357648,0.705133785,20.86541814,10.53993332,7.265626179,Linseed,Linaceae,Invernal,Subtropical,Baja,36.45182854
Field_74,16/1/2023,26.75810493,81.02145185,0.373886083,0.341447041,-0.341447041,0.560748962,29.81014086,13.70423022,13.62810577,Linseed,Linaceae,Invernal,Subtropical,Baja,47.94865597
Field_74,31/1/2023,26.75810493,81.02145185,0.546676141,0.507101543,-0.507101543,0.819899937,19.58641486,4.302808815,7.926992903,Linseed,Linaceae,Invernal,Subtropical,Baja,39.2477902
Field_74,15/2/2023,26.75810493,81.02145185,0.556999633,0.539045922,-0.539045922,0.83539144,17.84976274,14.718002,7.943926901,Linseed,Linaceae,Invernal,Subtropical,Baja,39.14346327
Field_74,3/2/2023,26.75810493,81.02145185,0.549128117,0.541995451,-0.541995451,0.823579057,17.77953768,8.606039632,7.86678313,Linseed,Linaceae,Invernal,Subtropical,Baja,38.79918441
Field_74,17/3/2023,26.75810493,81.02145185,0.427271422,0.447641954,-0.447641954,0.640809293,23.84214671,26.19781332,8.919513377,Linseed,Linaceae,Invernal,Subtropical,Baja,45.99774242
Field_74,4/1/2023,26.75810493,81.02145185,0.343599071,0.38850655,-0.38850655,0.515328796,27.71639408,9.806826761,6.390702918,Linseed,Linaceae,Invernal,Subtropical,Baja,33.26985724
Field_74,16/4/2023,26.75810493,81.02145185,0.287086032,0.360348116,-0.360348116,0.430579979,29.73144736,13.78113567,5.951359732,Linseed,Linaceae,Invernal,Subtropical,Baja,31.52759755
Field_74,5/1/2023,26.75810493,81.02145185,0.265752478,0.34516001,-0.34516001,0.398583986,30.72489531,5.779095432,12.95733127,Linseed,Linaceae,Invernal,Subtropical,Baja,43.33740576
Field_74,16/5/2023,26.75810493,81.02145185,0.297431078,0.37468151,-0.37468151,0.446097314,28.89386898,12.03570931,6.010628727,Linseed,Linaceae,Invernal,Subtropical,Baja,31.69452063
Field_74,31/5/2023,26.75810493,81.02145185,0.281559923,0.328480567,-0.328480567,0.42229631,31.41518117,17.90484608,5.977701508,Linseed,Linaceae,Invernal,Subtropical,Baja,31.80928025
Field_74,15/6/2023,26.75810493,81.02145185,0.260679652,0.313419532,-0.313419532,0.390981187,32.39751099,33.69166497,12.4540152,Linseed,Linaceae,Invernal,Subtropical,Baja,43.35827115
Field_74,29/8/2023,26.75810493,81.02145185,0.107425589,0.05199789,-0.05199789,0.161119315,47.31200706,34.84112176,12.58007941,Linseed,Linaceae,Invernal,Subtropical,Baja,42.33586726
Field_74,28/9/2023,26.75810493,81.02145185,0.654534078,0.576446741,-0.576446741,0.981649777,14.94380643,19.40310774,8.727594726,Linseed,Linaceae,Invernal,Subtropical,Baja,42.32543457
Field_74,13/10/2023,26.75810493,81.02145185,0.603683047,0.549117638,-0.549117638,0.905395939,16.85868508,11.40800167,8.33717198,Linseed,Linaceae,Invernal,Subtropical,Baja,40.79182873
Field_74,28/10/2023,26.75810493,81.02145185,0.382825467,0.328988384,-0.328988384,0.574174474,30.35503754,13.08069584,13.7447622,Linseed,Linaceae,Invernal,Subtropical,Baja,48.54331946
Field_74,11/12/2023,26.75810493,81.02145185,0.390285527,0.429983387,-0.429983387,0.585347535,25.12160261,6.217637162,14.04110718,Linseed,Linaceae,Invernal,Subtropical,Baja,47.41658864
Field_74,27/11/2023,26.75810493,81.02145185,0.452125524,0.538563783,-0.538563783,0.678070992,18.94544893,17.59879119,13.63186888,Linseed,Linaceae,Invernal,Subtropical,Baja,47.88605981
Field_74,12/12/2023,26.75810493,81.02145185,0.39220092,0.407738128,-0.407738128,0.588208263,26.23798111,9.875571157,6.780184886,Linseed,Linaceae,Invernal,Subtropical,Baja,34.84519385
Field_74,27/12/2023,26.75810493,81.02145185,0.353094814,0.357127563,-0.357127563,0.529564025,29.22176349,5.825738497,13.17182858,Linseed,Linaceae,Invernal,Subtropical,Baja,46.64456937
Field_75,16/1/2023,25.41662535,82.83942679,0.549443544,0.469921874,-0.469921874,0.824065513,21.45670815,10.75625463,15.53506217,Linseed,Linaceae,Invernal,Subtropical,Baja,53.77009853
Field_75,31/1/2023,25.41662535,82.83942679,0.684560799,0.630583584,-0.630583584,1.026717369,11.87268349,12.23573767,8.868711381,Linseed,Linaceae,Invernal,Subtropical,Baja,42.63841535
Field_75,15/2/2023,25.41662535,82.83942679,0.620374045,0.593373426,-0.593373426,0.930442762,14.42832806,13.95350622,8.38232931,Linseed,Linaceae,Invernal,Subtropical,Baja,40.73966526
Field_75,3/2/2023,25.41662535,82.83942679,0.579397295,0.556192961,-0.556192961,0.868977695,16.74541546,12.72293346,15.26035508,Linseed,Linaceae,Invernal,Subtropical,Baja,53.42581967
Field_75,17/3/2023,25.41662535,82.83942679,0.573698385,0.579173693,-0.579173693,0.86041615,15.63012112,27.73707077,15.12488309,Linseed,Linaceae,Invernal,Subtropical,Baja,52.76856003
Field_75,4/1/2023,25.41662535,82.83942679,0.342822621,0.38286738,-0.38286738,0.51416797,28.01228455,5.948556055,13.14736836,Linseed,Linaceae,Invernal,Subtropical,Baja,45.83081934
Field_75,16/4/2023,25.41662535,82.83942679,0.275205158,0.331928693,-0.331928693,0.412759931,31.30400518,10.40247996,5.912787846,Linseed,Linaceae,Invernal,Subtropical,Baja,31.50673216
Field_75,5/1/2023,25.41662535,82.83942679,0.320161095,0.307698648,-0.307698648,0.480049086,32.08216783,8.117804051,13.37127345,Linseed,Linaceae,Invernal,Subtropical,Baja,46.25855974
Field_75,16/5/2023,25.41662535,82.83942679,0.307603295,0.35256168,-0.35256168,0.461358393,29.91951658,13.10203588,6.153626938,Linseed,Linaceae,Invernal,Subtropical,Baja,32.43524182
Field_75,31/5/2023,25.41662535,82.83942679,0.29804196,0.340065558,-0.340065558,0.447018837,30.65527192,28.67601972,6.097180276,Linseed,Linaceae,Invernal,Subtropical,Baja,32.26831874
Field_75,15/6/2023,25.41662535,82.83942679,0.2399751,0.29571482,-0.29571482,0.359927669,33.51304398,29.14704247,12.30913543,Linseed,Linaceae,Invernal,Subtropical,Baja,42.76360766
Field_75,29/8/2023,25.41662535,82.83942679,0.664728701,0.599028618,-0.599028618,0.996966369,13.68656073,31.69163857,15.62349527,Linseed,Linaceae,Invernal,Subtropical,Baja,56.24264672
Field_75,28/9/2023,25.41662535,82.83942679,0.701795706,0.621580621,-0.621580621,1.052546217,12.15639622,6.793016751,16.46831364,Linseed,Linaceae,Invernal,Subtropical,Baja,57.79711794
Field_75,13/10/2023,25.41662535,82.83942679,0.644192991,0.584069901,-0.584069901,0.966159775,14.6601468,10.50058801,8.617523735,Linseed,Linaceae,Invernal,Subtropical,Baja,41.80379993
Field_75,28/10/2023,25.41662535,82.83942679,0.578257085,0.589229019,-0.589229019,0.867261217,15.07009479,20.90642856,14.65731657,Linseed,Linaceae,Invernal,Subtropical,Baja,52.52860809
Field_75,11/12/2023,25.41662535,82.83942679,0.280222327,0.319569181,-0.319569181,0.420282004,31.88389615,11.17103735,5.986168507,Linseed,Linaceae,Invernal,Subtropical,Baja,31.8927418
Field_75,27/11/2023,25.41662535,82.83942679,0.319587025,0.376130433,-0.376130433,0.479311543,28.59360474,16.33738795,8.963729928,Linseed,Linaceae,Invernal,Subtropical,Baja,42.96182882
Field_75,12/12/2023,25.41662535,82.83942679,0.388508449,0.388233409,-0.388233409,0.582681928,27.27168806,7.397793909,6.792414996,Linseed,Linaceae,Invernal,Subtropical,Baja,35.00168424
Field_75,27/12/2023,25.41662535,82.83942679,0.278559927,0.236199296,-0.236199296,0.417790087,36.15810475,5.20523916,12.82468161,Linseed,Linaceae,Invernal,Subtropical,Baja,45.46567509
Field_76,1/1/2023,23.48186345,77.41652187,0.696992827,0.608757968,-0.608757968,1.045356957,12.8602281,5.514456868,9.031465923,Sesame,Pedaliaceae,Estival,Subtropical seco,Baja,43.46259808
Field_76,16/1/2023,23.48186345,77.41652187,0.744142425,0.682506521,-0.682506521,1.116062258,8.612771749,6.156274418,9.278890458,Sesame,Pedaliaceae,Estival,Subtropical seco,Baja,44.13029041
Field_76,31/1/2023,23.48186345,77.41652187,0.57317352,0.483897759,-0.483897759,0.859646537,20.50068708,5.59534981,8.217693212,Sesame,Pedaliaceae,Estival,Subtropical seco,Baja,40.63533834
Field_76,15/2/2023,23.48186345,77.41652187,0.615654558,0.608450713,-0.608450713,0.923334619,13.70661539,8.606551721,8.305185538,Sesame,Pedaliaceae,Estival,Subtropical seco,Baja,40.32235755
Field_76,3/2/2023,23.48186345,77.41652187,0.425261799,0.508710789,-0.508710789,0.637795428,20.74422914,14.23302356,6.837572326,Sesame,Pedaliaceae,Estival,Subtropical seco,Baja,34.53221307
Field_76,17/3/2023,23.48186345,77.41652187,0.239742292,0.333761736,-0.333761736,0.359555155,31.5725798,20.3536802,13.09468481,Sesame,Pedaliaceae,Estival,Subtropical seco,Baja,42.58625188
Field_76,4/1/2023,23.48186345,77.41652187,0.18433107,0.304228752,-0.304228752,0.276456653,33.64657087,11.33939827,5.165810352,Sesame,Pedaliaceae,Estival,Subtropical seco,Baja,28.43952049
Field_76,16/4/2023,23.48186345,77.41652187,0.156521636,0.263615845,-0.263615845,0.234747388,36.00445762,13.98489268,5.012463587,Sesame,Pedaliaceae,Estival,Subtropical seco,Baja,28.00134739
Field_76,5/1/2023,23.48186345,77.41652187,0.189278034,0.297060414,-0.297060414,0.283868118,33.96209479,13.4707071,5.226020125,Sesame,Pedaliaceae,Estival,Subtropical seco,Baja,28.74206858
Field_76,16/5/2023,23.48186345,77.41652187,0.169189392,0.271738621,-0.271738621,0.253744357,35.46029901,23.95474102,5.106541357,Sesame,Pedaliaceae,Estival,Subtropical seco,Baja,28.35605895
Field_76,31/5/2023,23.48186345,77.41652187,0.189655412,0.308183608,-0.308183608,0.284436318,33.39024178,10.50939241,5.20344146,Sesame,Pedaliaceae,Estival,Subtropical seco,Baja,28.5751455
Field_76,15/6/2023,23.48186345,77.41652187,0.170584643,0.303716783,-0.303716783,0.255834638,33.81310476,34.99593293,5.043509251,Sesame,Pedaliaceae,Estival,Subtropical seco,Baja,27.91788585
Field_76,29/8/2023,23.48186345,77.41652187,0.795712002,0.710268538,-0.710268538,1.193434218,6.668448221,27.38559242,16.89354516,Sesame,Pedaliaceae,Estival,Subtropical seco,Baja,58.40221412
Field_76,13/9/2023,23.48186345,77.41652187,0.795712002,0.710268538,-0.710268538,1.193434218,6.668448221,28.00970171,16.33472321,Sesame,Pedaliaceae,Estival,Subtropical seco,Baja,58.08923334
Field_76,28/9/2023,23.48186345,77.41652187,0.562817539,0.54076129,-0.54076129,0.844111043,17.70275103,26.74410164,7.991906564,Sesame,Pedaliaceae,Estival,Subtropical seco,Baja,39.34168443
Field_76,13/10/2023,23.48186345,77.41652187,0.420587916,0.476810978,-0.476810978,0.630780291,22.42090666,20.07529779,6.871440323,Sesame,Pedaliaceae,Estival,Subtropical seco,Baja,34.85562654
Field_76,28/10/2023,23.48186345,77.41652187,0.30292666,0.380042297,-0.380042297,0.454312412,28.56399805,20.21502358,6.047319058,Sesame,Pedaliaceae,Estival,Subtropical seco,Baja,31.83014564
Field_76,11/12/2023,23.48186345,77.41652187,0.301848316,0.350419384,-0.350419384,0.452688883,30.08768645,6.778696802,13.01565948,Sesame,Pedaliaceae,Estival,Subtropical seco,Baja,44.68322313
Field_76,27/11/2023,23.48186345,77.41652187,0.402746967,0.418728921,-0.418728921,0.604015623,25.56903773,26.09794831,13.67608543,Sesame,Pedaliaceae,Estival,Subtropical seco,Baja,47.87562712
Field_76,12/12/2023,23.48186345,77.41652187,0.664338963,0.580176406,-0.580176406,0.99634526,14.65321737,13.23834048,8.806620053,Sesame,Pedaliaceae,Estival,Subtropical seco,Baja,42.64884804
Field_76,27/12/2023,23.48186345,77.41652187,0.639455512,0.55172756,-0.55172756,0.959055586,16.36007136,5.173416502,8.651391732,Sesame,Pedaliaceae,Estival,Subtropical seco,Baja,42.1272134
Field_77,1/1/2023,21.18610765,81.67666203,0.350835591,0.431175018,-0.431175018,0.526163305,25.46364996,10.80773173,6.354953366,Sesame,Pedaliaceae,Estival,Subtropical seco,Baja,32.87341492
Field_77,16/1/2023,21.18610765,81.67666203,0.274051631,0.293155091,-0.293155091,0.411015735,33.29573557,9.634637425,12.90370694,Sesame,Pedaliaceae,Estival,Subtropical seco,Baja,44.4432712
Field_77,31/1/2023,21.18610765,81.67666203,0.387668351,0.444596819,-0.444596819,0.581411047,24.40210579,14.02309395,6.652239119,Sesame,Pedaliaceae,Estival,Subtropical seco,Baja,34.08360728
Field_77,15/2/2023,21.18610765,81.67666203,0.344330689,0.404727387,-0.404727387,0.516416538,26.88061536,13.40705203,6.358716476,Sesame,Pedaliaceae,Estival,Subtropical seco,Baja,33.040338
Field_77,3/2/2023,21.18610765,81.67666203,0.324940835,0.403624124,-0.403624124,0.487335395,27.13497889,11.41815908,12.80586606,Sesame,Pedaliaceae,Estival,Subtropical seco,Baja,44.62062697
Field_77,17/3/2023,21.18610765,81.67666203,0.256040372,0.314363555,-0.314363555,0.384005433,32.39668547,19.35244118,5.782019746,Sesame,Pedaliaceae,Estival,Subtropical seco,Baja,31.04769368
Field_77,4/1/2023,21.18610765,81.67666203,0.27098191,0.355887422,-0.355887422,0.406415419,30.12369924,5.846112594,13.1332567,Sesame,Pedaliaceae,Estival,Subtropical seco,Baja,43.47303077
Field_77,5/1/2023,21.18610765,81.67666203,0.279908332,0.297900944,-0.297900944,0.419811955,32.99357787,8.570139833,13.44841723,Sesame,Pedaliaceae,Estival,Subtropical seco,Baja,44.90230968
Field_77,16/5/2023,21.18610765,81.67666203,0.366158086,0.418046896,-0.418046896,0.549168349,25.97754256,11.24058923,13.76734087,Sesame,Pedaliaceae,Estival,Subtropical seco,Baja,46.51937706
Field_77,31/5/2023,21.18610765,81.67666203,0.280147836,0.37083187,-0.37083187,0.420169805,29.26695997,21.03765836,5.219434681,Sesame,Pedaliaceae,Estival,Subtropical seco,Baja,31.08942445
Field_77,15/6/2023,21.18610765,81.67666203,0.227453562,0.326392658,-0.326392658,0.341137005,32.07438035,29.43566132,12.22916933,Sesame,Pedaliaceae,Estival,Subtropical seco,Baja,41.75163646
Field_77,28/9/2023,21.18610765,81.67666203,0.647222039,0.585175394,-0.585175394,0.970690843,14.57276019,16.49376938,15.87374214,Sesame,Pedaliaceae,Estival,Subtropical seco,Baja,55.92966594
Field_77,13/10/2023,21.18610765,81.67666203,0.665008313,0.610305847,-0.610305847,0.997371361,13.10784044,19.9385903,8.741706391,Sesame,Pedaliaceae,Estival,Subtropical seco,Baja,42.20024225
Field_77,28/10/2023,21.18610765,81.67666203,0.516517531,0.501869669,-0.501869669,0.774668643,20.1615833,27.77096038,14.71564479,Sesame,Pedaliaceae,Estival,Subtropical seco,Baja,51.53750228
Field_77,11/12/2023,21.18610765,81.67666203,0.459332057,0.506160261,-0.506160261,0.688901947,20.52651498,6.678210135,7.148028967,Sesame,Pedaliaceae,Estival,Subtropical seco,Baja,35.88846313
Field_77,27/11/2023,21.18610765,81.67666203,0.386380478,0.453357601,-0.453357601,0.579482334,23.96789487,19.06529345,13.97431196,Sesame,Pedaliaceae,Estival,Subtropical seco,Baja,46.86365592
Field_77,12/12/2023,21.18610765,81.67666203,0.351239475,0.405897731,-0.405897731,0.526776234,26.75029392,12.34228433,6.417985471,Sesame,Pedaliaceae,Estival,Subtropical seco,Baja,33.29072263
Field_77,27/12/2023,21.18610765,81.67666203,0.3622456,0.429262912,-0.429262912,0.543280641,25.44476146,14.28586182,6.461261246,Sesame,Pedaliaceae,Estival,Subtropical seco,Baja,33.34288609
Field_78,1/1/2023,19.64200253,75.40278594,0.483129313,0.524099827,-0.524099827,0.724568173,19.36740393,19.5016076,7.318309731,Sesame,Pedaliaceae,Estival,Subtropical seco,Baja,36.52485739
Field_78,16/1/2023,19.64200253,75.40278594,0.456841385,0.504163535,-0.504163535,0.685146059,20.65391343,19.97587343,7.131094968,Sesame,Pedaliaceae,Estival,Subtropical seco,Baja,35.82586697
Field_78,31/1/2023,19.64200253,75.40278594,0.437331418,0.479632938,-0.479632938,0.655889876,22.1058058,18.60967263,7.014438533,Sesame,Pedaliaceae,Estival,Subtropical seco,Baja,35.46072272
Field_78,15/2/2023,19.64200253,75.40278594,0.42075058,0.491057919,-0.491057919,0.631026937,21.69173433,15.85105083,6.838513103,Sesame,Pedaliaceae,Estival,Subtropical seco,Baja,34.63653999
Field_78,3/2/2023,19.64200253,75.40278594,0.475269251,0.573378022,-0.573378022,0.712794771,16.93131775,21.56568831,7.132976524,Sesame,Pedaliaceae,Estival,Subtropical seco,Baja,35.45029003
Field_78,17/3/2023,19.64200253,75.40278594,0.377300035,0.43753023,-0.43753023,0.565863594,24.86884703,28.42633353,13.96678574,Sesame,Pedaliaceae,Estival,Subtropical seco,Baja,46.75932899
Field_78,4/1/2023,19.64200253,75.40278594,0.309855573,0.393440851,-0.393440851,0.464714774,27.80904521,24.53373559,6.077423944,Sesame,Pedaliaceae,Estival,Subtropical seco,Baja,31.8823091
Field_78,16/4/2023,19.64200253,75.40278594,0.253420019,0.338192518,-0.338192518,0.380073137,31.20663579,31.36472393,5.702994419,Sesame,Pedaliaceae,Estival,Subtropical seco,Baja,30.56778981
Field_78,5/1/2023,19.64200253,75.40278594,0.2718705,0.362012764,-0.362012764,0.407593254,29.80183749,19.0806694,12.90464772,Sesame,Pedaliaceae,Estival,Subtropical seco,Baja,43.2852423
Field_78,16/5/2023,19.64200253,75.40278594,0.205614034,0.316378998,-0.316378998,0.308375286,32.80876597,23.20295477,5.326683339,Sesame,Pedaliaceae,Estival,Subtropical seco,Baja,29.06548206
Field_78,31/5/2023,19.64200253,75.40278594,0.166332908,0.273410208,-0.273410208,0.249461907,35.40411335,26.18125761,5.077377249,Sesame,Pedaliaceae,Estival,Subtropical seco,Baja,28.22043394
Field_78,15/6/2023,19.64200253,75.40278594,0.143464957,0.25584066,-0.25584066,0.215165188,36.53483876,42.65291668,11.73526103,Sesame,Pedaliaceae,Estival,Subtropical seco,Baja,39.34168443
Field_78,28/9/2023,19.64200253,75.40278594,0.68312944,0.620295912,-0.620295912,1.024554818,12.41263528,32.20607019,19.07238632,Sesame,Pedaliaceae,Estival,Subtropical seco,Baja,58.53783913
Field_78,13/10/2023,19.64200253,75.40278594,0.688485854,0.639393539,-0.639393539,1.032586297,11.38272262,28.70526527,8.882823046,Sesame,Pedaliaceae,Estival,Subtropical seco,Baja,42.64884804
Field_78,28/10/2023,19.64200253,75.40278594,0.597537449,0.580078672,-0.580078672,0.896175094,15.34044356,36.09356932,8.209226213,Sesame,Pedaliaceae,Estival,Subtropical seco,Baja,40.07197293
Field_78,11/12/2023,19.64200253,75.40278594,0.512648158,0.52269924,-0.52269924,0.768862638,19.13745182,24.35951628,14.3186366,Sesame,Pedaliaceae,Estival,Subtropical seco,Baja,50.84894456
Field_78,27/11/2023,19.64200253,75.40278594,0.541967605,0.573940309,-0.573940309,0.812837489,16.22142302,26.14175783,14.95366155,Sesame,Pedaliaceae,Estival,Subtropical seco,Baja,51.52706959
Field_78,12/12/2023,19.64200253,75.40278594,0.590541272,0.569887264,-0.569887264,0.885667397,15.93231246,20.7721109,8.170654327,Sesame,Pedaliaceae,Estival,Subtropical seco,Baja,39.95721331
Field_78,27/12/2023,19.64200253,75.40278594,0.57095669,0.566788782,-0.566788782,0.856291277,16.29054942,23.42827863,8.003195896,Sesame,Pedaliaceae,Estival,Subtropical seco,Baja,39.2477902
Field_79,16/1/2023,25.33597136,83.14864732,0.180654707,0.209638122,-0.209638122,0.270953075,38.51432805,10.39775573,5.35490667,Pulses,Fabaceae,Invernal ,Subtropical seco,Baja,29.77490516
Field_79,31/1/2023,25.33597136,83.14864732,0.20993463,0.238578469,-0.238578469,0.314867769,36.7374753,6.581249121,5.548706876,Pulses,Fabaceae,Invernal ,Subtropical seco,Baja,30.45303019
Field_79,15/2/2023,25.33597136,83.14864732,0.173374548,0.215925555,-0.215925555,0.260033733,38.26761562,6.295595559,5.274940566,Pulses,Fabaceae,Invernal ,Subtropical seco,Baja,29.39932822
Field_79,3/2/2023,25.33597136,83.14864732,0.183608907,0.225831268,-0.225831268,0.275379005,37.6572644,7.990538402,12.36370054,Pulses,Fabaceae,Invernal ,Subtropical seco,Baja,41.70990569
Field_79,17/3/2023,25.33597136,83.14864732,0.137965482,0.194726986,-0.194726986,0.206923653,39.71173553,23.22465849,11.92341657,Pulses,Fabaceae,Invernal ,Subtropical seco,Baja,40.18673255
Field_79,4/1/2023,25.33597136,83.14864732,0.140235734,0.193775547,-0.193775547,0.210330004,39.73713436,14.16384568,5.031279141,Pulses,Fabaceae,Invernal ,Subtropical seco,Baja,28.46038588
Field_79,16/4/2023,25.33597136,83.14864732,0.123423469,0.187665864,-0.187665864,0.18511693,40.22082304,23.60456342,4.894866375,Pulses,Fabaceae,Invernal ,Subtropical seco,Baja,27.97004931
Field_79,5/1/2023,25.33597136,83.14864732,0.144744429,0.185429673,-0.185429673,0.217094776,40.11726444,10.52402793,12.158611,Pulses,Fabaceae,Invernal ,Subtropical seco,Baja,40.72923257
Field_79,16/5/2023,25.33597136,83.14864732,0.115722088,0.169450055,-0.169450055,0.173566823,41.22965507,20.87590226,4.869465377,Pulses,Fabaceae,Invernal ,Subtropical seco,Baja,28.2830301
Field_79,31/5/2023,25.33597136,83.14864732,0.111053878,0.168462527,-0.168462527,0.166565064,41.3277584,26.48282274,4.829952713,Pulses,Fabaceae,Invernal ,Subtropical seco,Baja,28.31432818
Field_79,15/6/2023,25.33597136,83.14864732,0.070365894,0.125516098,-0.125516098,0.105538395,43.93633204,34.29703681,11.60543371,Pulses,Fabaceae,Invernal ,Subtropical seco,Baja,40.76053065
Field_79,29/8/2023,25.33597136,83.14864732,0.04135757,0.03872566,-0.03872566,0.062036309,48.66448948,33.31892155,11.18866919,Pulses,Fabaceae,Invernal ,Subtropical seco,Baja,41.9811557
Field_79,13/10/2023,25.33597136,83.14864732,0.203133009,0.224600934,-0.224600934,0.304663017,37.52069341,13.29397585,5.520483545,Pulses,Fabaceae,Invernal ,Subtropical seco,Baja,30.41129942
Field_79,28/10/2023,25.33597136,83.14864732,0.182803255,0.229771388,-0.229771388,0.274171522,37.46429266,21.31551001,12.25268877,Pulses,Fabaceae,Invernal ,Subtropical seco,Baja,41.5534153
Field_79,11/12/2023,25.33597136,83.14864732,0.121965762,0.157643741,-0.157643741,0.182931247,41.76877123,13.76112624,4.953194592,Pulses,Fabaceae,Invernal ,Subtropical seco,Baja,28.44995318
Field_79,27/11/2023,25.33597136,83.14864732,0.13285262,0.194305302,-0.194305302,0.199257672,39.78548558,13.39727902,12.40791709,Pulses,Fabaceae,Invernal ,Subtropical seco,Baja,40.27019409
Field_79,12/12/2023,25.33597136,83.14864732,0.131074032,0.184864881,-0.184864881,0.196587832,40.28571922,14.58794567,4.970128591,Pulses,Fabaceae,Invernal ,Subtropical seco,Baja,28.25173202
Field_79,27/12/2023,25.33597136,83.14864732,0.102406362,0.128467162,-0.128467162,0.153593671,43.45841258,11.6393317,11.8970748,Pulses,Fabaceae,Invernal ,Subtropical seco,Baja,40.78139604
Field_80,1/1/2023,23.62917775,77.551669,0.749457692,0.664826082,-0.664826082,1.124051309,9.461328123,8.231628394,9.36826434,Pulses,Fabaceae,Invernal ,Subtropical seco,Baja,44.61019428
Field_80,16/1/2023,23.62917775,77.551669,0.778483731,0.706049314,-0.706049314,1.167589048,7.059850434,9.874995733,9.530078104,Pulses,Fabaceae,Invernal ,Subtropical seco,Baja,43.96336733
Field_80,31/1/2023,23.62917775,77.551669,0.687775236,0.59576376,-0.59576376,1.031549189,13.61790726,6.824039816,8.978782372,Pulses,Fabaceae,Invernal ,Subtropical seco,Baja,43.30610769
Field_80,15/2/2023,23.62917775,77.551669,0.761737774,0.720074895,-0.720074895,1.142463556,6.514667279,12.44146017,9.34756723,Pulses,Fabaceae,Invernal ,Subtropical seco,Baja,43.81730963
Field_80,3/2/2023,23.62917775,77.551669,0.585639005,0.620247274,-0.620247274,0.878346816,13.41077649,11.55232112,8.008840563,Pulses,Fabaceae,Invernal ,Subtropical seco,Baja,38.97654019
Field_80,17/3/2023,23.62917775,77.551669,0.39229344,0.495468696,-0.495468696,0.588352681,21.75712997,27.48922547,13.92256919,Pulses,Fabaceae,Invernal ,Subtropical seco,Baja,46.40461744
Field_80,4/1/2023,23.62917775,77.551669,0.193201274,0.316857122,-0.316857122,0.289764826,32.91112079,11.32775002,5.214730793,Pulses,Fabaceae,Invernal ,Subtropical seco,Baja,28.58557819
Field_80,16/4/2023,23.62917775,77.551669,0.161171898,0.271468923,-0.271468923,0.241724026,35.55595261,16.1195463,5.035042252,Pulses,Fabaceae,Invernal ,Subtropical seco,Baja,28.05351086
Field_80,5/1/2023,23.62917775,77.551669,0.173151883,0.274513403,-0.274513403,0.259687389,35.2781381,9.283681707,5.135705466,Pulses,Fabaceae,Invernal ,Subtropical seco,Baja,28.47081857
Field_80,16/5/2023,23.62917775,77.551669,0.147505257,0.244855872,-0.244855872,0.221225438,37.05450702,16.48186341,12.10028278,Pulses,Fabaceae,Invernal ,Subtropical seco,Baja,39.87375176
Field_80,31/5/2023,23.62917775,77.551669,0.161347452,0.268637699,-0.268637699,0.241986206,35.69873435,20.4045557,5.043509251,Pulses,Fabaceae,Invernal ,Subtropical seco,Baja,28.10567432
Field_80,15/6/2023,23.62917775,77.551669,0.133355971,0.246778122,-0.246778122,0.200006313,37.10085337,30.34082194,4.845005157,Pulses,Fabaceae,Invernal ,Subtropical seco,Baja,27.36495313
Field_80,29/8/2023,23.62917775,77.551669,0.662925212,0.614488787,-0.614488787,0.994275742,12.91551571,28.03930068,16.21524444,Pulses,Fabaceae,Invernal ,Subtropical seco,Baja,56.26351211
Field_80,13/9/2023,23.62917775,77.551669,0.662925212,0.614488787,-0.614488787,0.994275742,12.91551571,10.63277834,15.64607393,Pulses,Fabaceae,Invernal ,Subtropical seco,Baja,55.95053132
Field_80,13/10/2023,23.62917775,77.551669,0.327947969,0.406041754,-0.406041754,0.491848825,26.98081269,19.73494114,6.209132822,Pulses,Fabaceae,Invernal ,Subtropical seco,Baja,32.38307836
Field_80,28/10/2023,23.62917775,77.551669,0.272020208,0.366373585,-0.366373585,0.407964537,29.57762593,29.78828099,5.802716855,Pulses,Fabaceae,Invernal ,Subtropical seco,Baja,30.84947252
Field_80,11/12/2023,23.62917775,77.551669,0.285246842,0.381408978,-0.381408978,0.427796128,28.67477109,12.8156794,12.6393484,Pulses,Fabaceae,Invernal ,Subtropical seco,Baja,43.34783846
Field_80,27/11/2023,23.62917775,77.551669,0.314604746,0.353043648,-0.353043648,0.471832125,29.82340024,22.02307502,8.854599715,Pulses,Fabaceae,Invernal ,Subtropical seco,Baja,43.12875191
Field_80,12/12/2023,23.62917775,77.551669,0.589230551,0.521889905,-0.521889905,0.883719742,18.39665363,9.315554855,8.272258319,Pulses,Fabaceae,Invernal ,Subtropical seco,Baja,40.65620372
Field_80,27/12/2023,23.62917775,77.551669,0.589230551,0.521889905,-0.521889905,0.883719742,18.39665363,7.077692517,8.272258319,Pulses,Fabaceae,Invernal ,Subtropical seco,Baja,40.65620372
Field_81,1/1/2023,22.25718307,73.17715686,0.2411602,0.290529096,-0.290529096,0.361677897,33.76574639,7.028183008,5.705816752,Pulses,Fabaceae,Invernal ,Subtropical seco,Baja,30.83903983
Field_81,16/1/2023,22.25718307,73.17715686,0.240910109,0.297644384,-0.297644384,0.361303692,33.40496285,7.29342851,5.687001198,Pulses,Fabaceae,Invernal ,Subtropical seco,Baja,30.72428021
Field_81,31/1/2023,22.25718307,73.17715686,0.245825042,0.305948378,-0.305948378,0.368673035,32.93072905,5.198502396,13.0024886,Pulses,Fabaceae,Invernal ,Subtropical seco,Baja,43.21221345
Field_81,15/2/2023,22.25718307,73.17715686,0.229592305,0.30156442,-0.30156442,0.344329807,33.32037598,9.647279136,5.57598943,Pulses,Fabaceae,Invernal ,Subtropical seco,Baja,30.22351095
Field_81,3/2/2023,22.25718307,73.17715686,0.207978607,0.268866917,-0.268866917,0.31192012,35.21079137,11.57187714,5.460273773,Pulses,Fabaceae,Invernal ,Subtropical seco,Baja,29.90009748
Field_81,17/3/2023,22.25718307,73.17715686,0.247669237,0.299030182,-0.299030182,0.371446259,33.26516781,26.97400732,12.91405549,Pulses,Fabaceae,Invernal ,Subtropical seco,Baja,43.33740576
Field_81,4/1/2023,22.25718307,73.17715686,0.232497516,0.29293115,-0.29293115,0.348696004,33.73155792,7.140760979,5.622087537,Pulses,Fabaceae,Invernal ,Subtropical seco,Baja,30.47389558
Field_81,16/4/2023,22.25718307,73.17715686,0.217933601,0.28739795,-0.28739795,0.326855306,34.16284677,20.13875421,5.505431102,Pulses,Fabaceae,Invernal ,Subtropical seco,Baja,29.99399171
Field_81,5/1/2023,22.25718307,73.17715686,0.209583076,0.28322113,-0.28322113,0.314332109,34.46141631,7.958101803,12.2470441,Pulses,Fabaceae,Invernal ,Subtropical seco,Baja,41.75163646
Field_81,16/5/2023,22.25718307,73.17715686,0.210006279,0.271949227,-0.271949227,0.314968979,35.03268682,28.78369561,12.95544971,Pulses,Fabaceae,Invernal ,Subtropical seco,Baja,42.33586726
Field_81,31/5/2023,22.25718307,73.17715686,0.229068744,0.295974123,-0.295974123,0.343557907,33.61118808,21.14969025,5.584456429,Pulses,Fabaceae,Invernal ,Subtropical seco,Baja,30.2965398
Field_81,15/6/2023,22.25718307,73.17715686,0.147767077,0.176030066,-0.176030066,0.221596235,40.56637952,26.78620106,12.52081041,Pulses,Fabaceae,Invernal ,Subtropical seco,Baja,41.18827105
Field_81,28/9/2023,22.25718307,73.17715686,0.354123558,0.355221359,-0.355221359,0.531113049,29.30859615,27.34497894,13.92445074,Pulses,Fabaceae,Invernal ,Subtropical seco,Baja,47.12447324
Field_81,13/10/2023,22.25718307,73.17715686,0.329324017,0.329602316,-0.329602316,0.493919293,30.87009107,29.55687667,6.401992251,Pulses,Fabaceae,Invernal ,Subtropical seco,Baja,33.63500149
Field_81,28/10/2023,22.25718307,73.17715686,0.313651312,0.340463057,-0.340463057,0.470405963,30.47555753,15.54369097,6.236415375,Pulses,Fabaceae,Invernal ,Subtropical seco,Baja,32.86298222
Field_81,11/12/2023,22.25718307,73.17715686,0.275674818,0.319107182,-0.319107182,0.413451436,31.95393097,13.38520094,5.946655844,Pulses,Fabaceae,Invernal ,Subtropical seco,Baja,31.72581871
Field_81,27/11/2023,22.25718307,73.17715686,0.301243381,0.356345441,-0.356345441,0.451792087,29.7912542,23.92495704,12.67886107,Pulses,Fabaceae,Invernal ,Subtropical seco,Baja,44.38067504
Field_81,12/12/2023,22.25718307,73.17715686,0.290254307,0.296391052,-0.296391052,0.435316537,32.96501738,10.14163213,6.130107495,Pulses,Fabaceae,Invernal ,Subtropical seco,Baja,32.64389568
Field_81,27/12/2023,22.25718307,73.17715686,0.296363448,0.313604195,-0.313604195,0.444471821,32.02364717,5.562849422,6.144219161,Pulses,Fabaceae,Invernal ,Subtropical seco,Baja,32.6125976
Field_82,1/1/2023,27.06816255,75.98283023,0.717100143,0.719598192,-0.719598192,1.075509707,6.994888352,13.59468449,8.949618263,Millets,Poaceae,Estival,Tropical seco,Baja,42.50279034
Field_82,16/1/2023,27.06816255,75.98283023,0.688770775,0.693340481,-0.693340481,1.03302161,8.625046124,11.22721263,8.75864039,Millets,Poaceae,Estival,Tropical seco,Baja,41.81423262
Field_82,31/1/2023,27.06816255,75.98283023,0.668755298,0.672548189,-0.672548189,1.002994957,9.891206937,14.80866564,15.34596585,Millets,Poaceae,Estival,Tropical seco,Baja,55.09505052
Field_82,15/2/2023,27.06816255,75.98283023,0.622915019,0.640112271,-0.640112271,0.934248959,12.0156877,10.08422643,8.294836984,Millets,Poaceae,Estival,Tropical seco,Baja,40.1137037
Field_82,3/2/2023,27.06816255,75.98283023,0.48623496,0.55584983,-0.55584983,0.729250269,17.71439244,12.35079777,7.272211623,Millets,Poaceae,Estival,Tropical seco,Baja,36.14928045
Field_82,17/3/2023,27.06816255,75.98283023,0.290752969,0.34892956,-0.34892956,0.436070718,30.27707878,17.27782769,3.102684856,Millets,Poaceae,Estival,Tropical seco,Baja,42.2732711
Field_82,4/1/2023,27.06816255,75.98283023,0.345064449,0.437784631,-0.437784631,0.5175315,25.18507419,9.16200694,6.288158149,Millets,Poaceae,Estival,Tropical seco,Baja,32.55000144
Field_82,16/4/2023,27.06816255,75.98283023,0.280791592,0.381025161,-0.381025161,0.421122755,28.7398714,25.99311892,5.846933407,Millets,Poaceae,Estival,Tropical seco,Baja,30.95379945
Field_82,5/1/2023,27.06816255,75.98283023,0.122777109,0.097588063,-0.097588063,0.184145209,44.82719046,14.61087459,5.100896691,Millets,Poaceae,Estival,Tropical seco,Baja,29.38889553
Field_82,16/5/2023,27.06816255,75.98283023,0.305515358,0.403522908,-0.403522908,0.458225364,27.33853739,12.63734092,13.27625491,Millets,Poaceae,Estival,Tropical seco,Baja,44.14072311
Field_82,31/5/2023,27.06816255,75.98283023,0.457608036,0.48083426,-0.48083426,0.686346131,21.83737848,10.25173417,7.192245519,Millets,Poaceae,Estival,Tropical seco,Baja,36.2223093
Field_82,15/6/2023,27.06816255,75.98283023,0.413541131,0.460066277,-0.460066277,0.62024923,23.34793224,27.83295585,6.846980103,Millets,Poaceae,Estival,Tropical seco,Baja,34.84519385
Field_82,14/8/2023,27.06816255,75.98283023,0.583990113,0.564514321,-0.564514321,0.875889017,16.27358459,26.62569167,15.57269327,Millets,Poaceae,Estival,Tropical seco,Baja,53.64490622
Field_82,29/8/2023,27.06816255,75.98283023,0.513209492,0.524879026,-0.524879026,0.76972557,19.02040956,29.22385974,7.585490598,Millets,Poaceae,Estival,Tropical seco,Baja,37.68288628
Field_82,13/9/2023,27.06816255,75.98283023,0.563700899,0.584153533,-0.584153533,0.845355815,15.47793177,17.1609929,14.65543502,Millets,Poaceae,Estival,Tropical seco,Baja,52.03827153
Field_82,28/9/2023,27.06816255,75.98283023,0.473889461,0.511261158,-0.511261158,0.710745547,20.11736792,12.84731138,7.266566957,Millets,Poaceae,Estival,Tropical seco,Baja,36.36836699
Field_82,13/10/2023,27.06816255,75.98283023,0.385050247,0.470434022,-0.470434022,0.577500096,23.10948368,10.19658341,6.568509904,Millets,Poaceae,Estival,Tropical seco,Baja,33.58283802
Field_82,28/10/2023,27.06816255,75.98283023,0.317938886,0.429462033,-0.429462033,0.476844133,25.88709238,27.77490385,13.28942579,Millets,Poaceae,Estival,Tropical seco,Baja,44.21375196
Field_82,11/12/2023,27.06816255,75.98283023,0.328904275,0.425268649,-0.425268649,0.493291415,25.98923674,5.956764449,6.172442492,Millets,Poaceae,Estival,Tropical seco,Baja,32.12226104
Field_82,27/11/2023,27.06816255,75.98283023,0.253383181,0.275782719,-0.275782719,0.380029663,34.39392912,18.56042387,12.73530773,Millets,Poaceae,Estival,Tropical seco,Baja,43.82774232
Field_82,12/12/2023,27.06816255,75.98283023,0.495283352,0.540223161,-0.540223161,0.74281432,18.41994837,9.620786646,7.389808836,Millets,Poaceae,Estival,Tropical seco,Baja,36.74394393
Field_82,27/12/2023,27.06816255,75.98283023,0.617939402,0.649122045,-0.649122045,0.926778383,11.60642462,5.950935888,8.229923322,Millets,Poaceae,Estival,Tropical seco,Baja,39.77985753
Field_83,1/1/2023,22.47174656,73.30337934,0.502442624,0.506798962,-0.506798962,0.753546258,20.05361733,13.9073947,7.531866269,Millets,Poaceae,Estival,Tropical seco,Baja,37.54726128
Field_83,16/1/2023,22.47174656,73.30337934,0.516390678,0.537942327,-0.537942327,0.774468472,18.32085128,6.530646043,7.583609042,Millets,Poaceae,Estival,Tropical seco,Baja,37.59942474
Field_83,31/1/2023,22.47174656,73.30337934,0.528239872,0.556442999,-0.556442999,0.792226655,17.25511179,14.44590141,15.00540432,Millets,Poaceae,Estival,Tropical seco,Baja,51.29755035
Field_83,15/2/2023,22.47174656,73.30337934,0.454227394,0.505656386,-0.505656386,0.681225062,20.6043783,6.044313592,7.103812415,Millets,Poaceae,Estival,Tropical seco,Baja,35.70067466
Field_83,3/2/2023,22.47174656,73.30337934,0.34763051,0.408877011,-0.408877011,0.521363822,26.63501672,6.504497594,6.378472808,Millets,Poaceae,Estival,Tropical seco,Baja,33.10293416
Field_83,17/3/2023,22.47174656,73.30337934,0.359103241,0.445204111,-0.445204111,0.538573681,24.66282671,16.73180338,13.10032948,Millets,Poaceae,Estival,Tropical seco,Baja,45.4552424
Field_83,4/1/2023,22.47174656,73.30337934,0.344354397,0.422075511,-0.422075511,0.516452115,25.9945022,10.02870216,6.318263035,Millets,Poaceae,Estival,Tropical seco,Baja,32.76908799
Field_83,16/4/2023,22.47174656,73.30337934,0.338531228,0.412975178,-0.412975178,0.507727581,26.51867628,9.16384497,6.288158149,Millets,Poaceae,Estival,Tropical seco,Baja,32.68562645
Field_83,5/1/2023,22.47174656,73.30337934,0.307179709,0.386661992,-0.386661992,0.460711391,28.18253163,5.272941858,6.069897722,Millets,Poaceae,Estival,Tropical seco,Baja,31.8927418
Field_83,16/5/2023,22.47174656,73.30337934,0.259893672,0.355363158,-0.355363158,0.389792229,30.26371324,24.89017791,12.45307442,Millets,Poaceae,Estival,Tropical seco,Baja,42.66971343
Field_83,31/5/2023,22.47174656,73.30337934,0.253910145,0.364610581,-0.364610581,0.380815702,29.85260845,20.79664499,5.64560698,Millets,Poaceae,Estival,Tropical seco,Baja,30.18178018
Field_83,15/6/2023,22.47174656,73.30337934,0.195439555,0.253938959,-0.253938959,0.293097928,36.10113792,26.52637106,12.21129455,Millets,Poaceae,Estival,Tropical seco,Baja,41.63687684
Field_83,28/9/2023,22.47174656,73.30337934,0.606073231,0.541475463,-0.541475463,0.908981897,17.22451725,29.12110485,6.104706497,Millets,Poaceae,Estival,Tropical seco,Baja,51.43317535
Field_83,13/10/2023,22.47174656,73.30337934,0.073525315,0.016366102,-0.016366102,0.110276945,49.47774113,13.23539907,4.852531378,Millets,Poaceae,Estival,Tropical seco,Baja,30.80774175
Field_83,28/10/2023,22.47174656,73.30337934,0.541035592,0.535619967,-0.535619967,0.811433885,18.18774568,11.99445032,7.80939569,Millets,Poaceae,Estival,Tropical seco,Baja,38.58009786
Field_83,11/12/2023,22.47174656,73.30337934,0.492227621,0.519371735,-0.519371735,0.738242703,19.51592113,13.34917543,7.411446723,Millets,Poaceae,Estival,Tropical seco,Baja,36.95259779
Field_83,27/11/2023,22.47174656,73.30337934,0.519957324,0.552532702,-0.552532702,0.779825054,17.53937722,16.15767729,14.41647748,Millets,Poaceae,Estival,Tropical seco,Baja,50.71331955
Field_83,12/12/2023,22.47174656,73.30337934,0.498848466,0.495265486,-0.495265486,0.748157996,20.6792737,9.919882082,7.52716238,Millets,Poaceae,Estival,Tropical seco,Baja,37.58899205
Field_83,27/12/2023,22.47174656,73.30337934,0.474431631,0.484134786,-0.484134786,0.7115343,21.49702197,13.38390283,7.335243729,Millets,Poaceae,Estival,Tropical seco,Baja,36.81697278
Field_84,16/1/2023,27.41230827,80.5007479,0.54791799,0.518912802,-0.518912802,0.821758233,18.97059749,5.909900817,15.39112318,Millets,Poaceae,Estival,Tropical seco,Baja,52.86245426
Field_84,31/1/2023,27.41230827,80.5007479,0.604943594,0.554799746,-0.554799746,0.907269184,16.55565796,7.332423009,8.335290425,Millets,Poaceae,Estival,Tropical seco,Baja,40.75009796
Field_84,15/2/2023,27.41230827,80.5007479,0.641884683,0.629235192,-0.629235192,0.962679466,12.37738409,7.374559164,8.490518745,Millets,Poaceae,Estival,Tropical seco,Baja,41.01091528
Field_84,3/2/2023,27.41230827,80.5007479,0.581039467,0.56127057,-0.56127057,0.871433968,16.46935928,10.66461205,8.106681444,Millets,Poaceae,Estival,Tropical seco,Baja,39.72769407
Field_84,17/3/2023,27.41230827,80.5007479,0.582980455,0.582971743,-0.582971743,0.87433148,15.34137947,22.50512553,15.02704221,Millets,Poaceae,Estival,Tropical seco,Baja,53.00851196
Field_84,4/1/2023,27.41230827,80.5007479,0.357447519,0.394136183,-0.394136183,0.536098467,27.28748795,12.42381039,4.721763278,Millets,Poaceae,Estival,Tropical seco,Baja,33.70803034
Field_84,16/4/2023,27.41230827,80.5007479,0.273872805,0.349776583,-0.349776583,0.4107612,30.40622107,12.67939087,5.85822274,Millets,Poaceae,Estival,Tropical seco,Baja,31.18331869
Field_84,5/1/2023,27.41230827,80.5007479,0.347862449,0.393588316,-0.393588316,0.521724897,27.41335556,13.69605437,13.57071833,Millets,Poaceae,Estival,Tropical seco,Baja,46.09163666
Field_84,16/5/2023,27.41230827,80.5007479,0.338600349,0.400644798,-0.400644798,0.507846514,27.14761341,13.19117922,6.317322258,Millets,Poaceae,Estival,Tropical seco,Baja,32.88384761
Field_84,31/5/2023,27.41230827,80.5007479,0.387827565,0.404344546,-0.404344546,0.581679634,26.45593677,12.91164043,6.749139222,Millets,Poaceae,Estival,Tropical seco,Baja,34.72000154
Field_84,15/6/2023,27.41230827,80.5007479,0.363745728,0.383567277,-0.383567277,0.545560599,27.76285971,32.25721788,6.582621569,Millets,Poaceae,Estival,Tropical seco,Baja,34.12533805
Field_84,29/8/2023,27.41230827,80.5007479,0.750451874,0.685835762,-0.685835762,1.125544472,8.37832854,34.91344014,16.37893976,Millets,Poaceae,Estival,Tropical seco,Baja,58.60043529
Field_84,13/9/2023,27.41230827,80.5007479,0.756246664,0.676711847,-0.676711847,1.134227895,8.785054091,20.03124453,16.54263508,Millets,Poaceae,Estival,Tropical seco,Baja,58.80908914
Field_84,28/9/2023,27.41230827,80.5007479,0.722635874,0.643179296,-0.643179296,1.083818249,10.84063543,26.19860722,9.179168022,Millets,Poaceae,Estival,Tropical seco,Baja,43.91120387
Field_84,13/10/2023,27.41230827,80.5007479,0.660012413,0.624714037,-0.624714037,0.989892564,12.42311783,29.54891876,8.662681064,Millets,Poaceae,Estival,Tropical seco,Baja,41.78293454
Field_84,28/10/2023,27.41230827,80.5007479,0.544587688,0.527055758,-0.527055758,0.816774566,18.58879453,18.91051837,7.861138464,Millets,Poaceae,Estival,Tropical seco,Baja,38.85134787
Field_84,11/12/2023,27.41230827,80.5007479,0.553863745,0.543857013,-0.543857013,0.830666951,17.63611384,14.82543739,15.39488629,Millets,Poaceae,Estival,Tropical seco,Baja,52.70596387
Field_84,27/11/2023,27.41230827,80.5007479,0.396473387,0.391571676,-0.391571676,0.594634001,27.01987665,27.23244477,14.33462982,Millets,Poaceae,Estival,Tropical seco,Baja,48.41812714
Field_84,12/12/2023,27.41230827,80.5007479,0.497277849,0.483918118,-0.483918118,0.745807301,21.2747604,13.00557387,7.53939249,Millets,Poaceae,Estival,Tropical seco,Baja,37.70375167
Field_84,27/12/2023,27.41230827,80.5007479,0.448249148,0.437383769,-0.437383769,0.672271882,24.15173161,5.067288419,14.23302583,Millets,Poaceae,Estival,Tropical seco,Baja,49.64918489
Field_85,1/1/2023,10.04232101,76.10666307,-0.302413581,-0.630167676,0.630167676,-0.45289335,86.33199821,24.08984983,6.701159559,Coconut,Arecaceae,Todo el año,Tropical húmedo,Alta,46.94711746
Field_85,16/1/2023,10.04232101,76.10666307,-0.14480064,-0.407134608,0.407134608,-0.216896684,73.33327383,18.23413977,6.701159559,Coconut,Arecaceae,Todo el año,Tropical húmedo,Alta,46.94711746
Field_85,31/1/2023,10.04232101,76.10666307,-0.135597448,-0.339384635,0.339384635,-0.203195103,69.77967307,18.01607391,6.701159559,Coconut,Arecaceae,Todo el año,Tropical húmedo,Alta,46.94711746
Field_85,15/2/2023,10.04232101,76.10666307,-0.040239505,-0.176904125,0.176904125,-0.060324331,60.5088294,20.94377754,6.701159559,Coconut,Arecaceae,Todo el año,Tropical húmedo,Alta,44.62062697
Field_85,3/2/2023,10.04232101,76.10666307,-0.116682616,-0.197952686,0.197952686,-0.174944535,62.36436482,23.4715933,6.701159559,Coconut,Arecaceae,Todo el año,Tropical húmedo,Alta,45.19442508
Field_85,17/3/2023,10.04232101,76.10666307,0.026570766,-0.001083764,0.001083764,0.03984321,50.84834846,26.56335144,6.701159559,Coconut,Arecaceae,Todo el año,Tropical húmedo,Alta,41.66817492
Field_85,4/1/2023,10.04232101,76.10666307,-0.001692345,-0.03510966,0.03510966,-0.002537987,52.87450703,23.56083267,6.701159559,Coconut,Arecaceae,Todo el año,Tropical húmedo,Alta,42.28370379
Field_85,16/4/2023,10.04232101,76.10666307,0.00195559,0.073611749,-0.073611749,0.002938383,47.2854608,35.00517127,6.701159559,Coconut,Arecaceae,Todo el año,Tropical húmedo,Alta,40.57274218
Field_85,13/10/2023,10.04232101,76.10666307,-0.352513099,-0.578320008,0.578320008,-0.528017762,84.19608973,25.79888269,6.701159559,Coconut,Arecaceae,Todo el año,Tropical húmedo,Alta,46.94711746
Field_85,11/12/2023,10.04232101,76.10666307,-0.234013263,-0.453306065,0.453306065,-0.350720145,76.6021075,18.10002519,6.701159559,Coconut,Arecaceae,Todo el año,Tropical húmedo,Alta,46.94711746
Field_85,27/11/2023,10.04232101,76.10666307,-0.18844467,-0.578668325,0.578668325,-0.281553557,82.53826612,39.28893725,6.701159559,Coconut,Arecaceae,Todo el año,Tropical húmedo,Alta,46.94711746
Field_85,27/12/2023,10.04232101,76.10666307,-0.146819312,-0.404804679,0.404804679,-0.219849955,73.23491393,19.75252006,6.701159559,Coconut,Arecaceae,Todo el año,Tropical húmedo,Alta,46.94711746
Field_86,16/1/2023,11.03270965,79.94212518,-0.132738559,-0.368302027,0.368302027,-0.198851589,71.227124,24.33056132,6.701159559,Coconut,Arecaceae,Todo el año,Tropical húmedo,Alta,46.94711746
Field_86,31/1/2023,11.03270965,79.94212518,-0.132738559,-0.368302027,0.368302027,-0.198851589,71.227124,21.85185077,6.701159559,Coconut,Arecaceae,Todo el año,Tropical húmedo,Alta,46.94711746
Field_86,15/2/2023,11.03270965,79.94212518,-0.130650203,-0.300246141,0.300246141,-0.195765224,67.73056492,21.60943679,6.701159559,Coconut,Arecaceae,Todo el año,Tropical húmedo,Alta,46.84279053
Field_86,3/2/2023,11.03270965,79.94212518,-0.07545558,-0.271762631,0.271762631,-0.113060954,65.71237665,24.09932031,6.701159559,Coconut,Arecaceae,Todo el año,Tropical húmedo,Alta,46.21682897
Field_86,4/1/2023,11.03270965,79.94212518,-0.070223682,-0.268442105,0.268442105,-0.105097898,65.48938337,17.37680771,6.701159559,Coconut,Arecaceae,Todo el año,Tropical húmedo,Alta,46.15423281
Field_86,16/4/2023,11.03270965,79.94212518,-0.072289832,-0.151997122,0.151997122,-0.108362286,59.56429492,32.19990791,6.701159559,Coconut,Arecaceae,Todo el año,Tropical húmedo,Alta,44.33894427
Field_86,16/5/2023,11.03270965,79.94212518,-0.077672068,-0.160241275,0.160241275,-0.116419932,60.04024554,25.98460789,6.701159559,Coconut,Arecaceae,Todo el año,Tropical húmedo,Alta,44.48500197
Field_86,31/5/2023,11.03270965,79.94212518,-0.042415011,-0.086956528,0.086956528,-0.06358752,55.93793015,31.10780011,6.701159559,Coconut,Arecaceae,Todo el año,Tropical húmedo,Alta,43.22264614
Field_86,15/6/2023,11.03270965,79.94212518,-0.101258413,-0.27254529,0.27254529,-0.151782855,66.01586372,38.73352141,6.701159559,Coconut,Arecaceae,Todo el año,Tropical húmedo,Alta,46.3107232
Field_86,30/6/2023,11.03270965,79.94212518,-0.14402648,-0.399600628,0.399600628,-0.215849228,72.9406495,43.27351799,6.701159559,Coconut,Arecaceae,Todo el año,Tropical húmedo,Alta,46.94711746
Field_86,30/7/2023,11.03270965,79.94212518,-0.020855411,-0.07219993,0.07219993,-0.031265133,54.96420829,38.29371969,6.701159559,Coconut,Arecaceae,Todo el año,Tropical húmedo,Alta,42.93053075
Field_86,13/9/2023,11.03270965,79.94212518,-0.006283685,-0.06562088,0.06562088,-0.00943002,54.47943403,27.38459041,6.701159559,Coconut,Arecaceae,Todo el año,Tropical húmedo,Alta,42.77404035
Field_86,28/9/2023,11.03270965,79.94212518,-0.090365246,-0.206118308,0.206118308,-0.135412218,62.51256116,28.31472291,6.701159559,Coconut,Arecaceae,Todo el año,Tropical húmedo,Alta,45.23615585
Field_86,13/10/2023,11.03270965,79.94212518,-0.235094933,-0.526132247,0.526132247,-0.352390634,80.3319776,29.43894688,6.701159559,Coconut,Arecaceae,Todo el año,Tropical húmedo,Alta,46.94711746
Field_87,1/1/2023,12.53538658,74.74685314,-0.199627334,-0.405669895,0.405669895,-0.298901093,73.8184173,23.75003549,6.701159559,Coconut,Arecaceae,Todo el año,Tropical húmedo,Alta,46.94711746
Field_87,16/1/2023,12.53538658,74.74685314,-0.138280306,-0.357239161,0.357239161,-0.207072671,70.71880287,21.12056653,6.701159559,Coconut,Arecaceae,Todo el año,Tropical húmedo,Alta,46.94711746
Field_87,31/1/2023,12.53538658,74.74685314,-0.144624946,-0.313407952,0.313407952,-0.216673277,68.5453868,19.28961547,6.701159559,Coconut,Arecaceae,Todo el año,Tropical húmedo,Alta,46.94711746
Field_87,15/2/2023,12.53538658,74.74685314,-0.141478891,-0.28669266,0.28669266,-0.21198584,67.14905698,19.48128366,6.701159559,Coconut,Arecaceae,Todo el año,Tropical húmedo,Alta,46.65500206
Field_87,3/2/2023,12.53538658,74.74685314,-0.125454071,-0.292623088,0.292623088,-0.187888309,67.28823105,17.906698,6.701159559,Coconut,Arecaceae,Todo el año,Tropical húmedo,Alta,46.70716553
Field_87,17/3/2023,12.53538658,74.74685314,-0.135338804,-0.238377424,0.238377424,-0.202812514,64.61916191,21.82524585,6.701159559,Coconut,Arecaceae,Todo el año,Tropical húmedo,Alta,45.8829828
Field_87,4/1/2023,12.53538658,74.74685314,-0.008603867,-0.043236184,0.043236184,-0.012905564,53.36006934,23.10398175,6.701159559,Coconut,Arecaceae,Todo el año,Tropical húmedo,Alta,42.42976149
Field_87,16/4/2023,12.53538658,74.74685314,-0.116326992,-0.189318259,0.189318259,-0.174268086,61.91982128,25.26804617,6.701159559,Coconut,Arecaceae,Todo el año,Tropical húmedo,Alta,45.05880007
Field_87,5/1/2023,12.53538658,74.74685314,-0.11627209,-0.239316503,0.239316503,-0.174202771,64.47238942,22.74409367,6.701159559,Coconut,Arecaceae,Todo el año,Tropical húmedo,Alta,45.84125203
Field_87,13/10/2023,12.53538658,74.74685314,-0.193417394,-0.346740108,0.346740108,-0.289777018,70.74578348,31.79267592,6.701159559,Coconut,Arecaceae,Todo el año,Tropical húmedo,Alta,46.94711746
Field_87,27/11/2023,12.53538658,74.74685314,-0.229424354,-0.497254088,0.497254088,-0.343576583,78.79941972,42.430097,6.701159559,Coconut,Arecaceae,Todo el año,Tropical húmedo,Alta,46.94711746
Field_87,12/12/2023,12.53538658,74.74685314,-0.240275457,-0.480714446,0.480714446,-0.359544611,78.06565422,18.63343834,6.701159559,Coconut,Arecaceae,Todo el año,Tropical húmedo,Alta,46.94711746
Field_87,27/12/2023,12.53538658,74.74685314,-0.151400726,-0.541242059,0.541242059,-0.225677021,80.24879224,17.02412871,6.701159559,Coconut,Arecaceae,Todo el año,Tropical húmedo,Alta,46.94711746
Field_88,1/1/2023,17.3226167,78.41278751,0.301425369,0.303457212,-0.303457212,0.452070137,32.49009973,20.60931593,6.21383671,Oil Palm,Arecaceae,Todo el año,Tropical húmedo,Alta,32.96730915
Field_88,16/1/2023,17.3226167,78.41278751,0.389361585,0.44636878,-0.44636878,0.583937322,24.29432893,15.00731817,6.663528451,Oil Palm,Arecaceae,Todo el año,Tropical húmedo,Alta,34.12533805
Field_88,31/1/2023,17.3226167,78.41278751,0.360467893,0.430030533,-0.430030533,0.5406101,25.42371886,17.00112555,6.443386469,Oil Palm,Arecaceae,Todo el año,Tropical húmedo,Alta,33.26985724
Field_88,15/2/2023,17.3226167,78.41278751,0.319515354,0.394312866,-0.394312866,0.479197333,27.66586218,22.54911929,6.162093937,Oil Palm,Arecaceae,Todo el año,Tropical húmedo,Alta,32.24745335
Field_88,3/2/2023,17.3226167,78.41278751,0.306599326,0.383447892,-0.383447892,0.459832073,28.35258501,21.58616563,6.071779278,Oil Palm,Arecaceae,Todo el año,Tropical húmedo,Alta,31.91360718
Field_88,17/3/2023,17.3226167,78.41278751,0.345393218,0.444054977,-0.444054977,0.518013798,24.86152526,26.74159049,10.33256148,Oil Palm,Arecaceae,Todo el año,Tropical húmedo,Alta,43.41043461
Field_88,4/1/2023,17.3226167,78.41278751,0.454999097,0.49748785,-0.49748785,0.682195919,21.01361816,19.48385123,7.130154191,Oil Palm,Arecaceae,Todo el año,Tropical húmedo,Alta,35.85716505
Field_88,16/4/2023,17.3226167,78.41278751,0.459367743,0.516770333,-0.516770333,0.688958019,19.98435385,23.82283493,7.123568747,Oil Palm,Arecaceae,Todo el año,Tropical húmedo,Alta,35.73197274
Field_88,5/1/2023,17.3226167,78.41278751,0.447777166,0.504799138,-0.504799138,0.671572964,20.71402852,24.12691472,14.44658237,Oil Palm,Arecaceae,Todo el año,Tropical húmedo,Alta,48.68937715
Field_88,16/5/2023,17.3226167,78.41278751,0.405871977,0.432598033,-0.432598033,0.608722953,24.82890491,22.05124265,6.843216992,Oil Palm,Arecaceae,Todo el año,Tropical húmedo,Alta,34.98081886
Field_88,31/5/2023,17.3226167,78.41278751,0.390377206,0.434981197,-0.434981197,0.58549236,24.86545628,33.99616752,6.699278004,Oil Palm,Arecaceae,Todo el año,Tropical húmedo,Alta,34.3444246
Field_88,15/6/2023,17.3226167,78.41278751,0.37883603,0.427640892,-0.427640892,0.56818343,25.35815293,44.53928683,6.613667233,Oil Palm,Arecaceae,Todo el año,Tropical húmedo,Alta,34.01057843
Field_88,28/9/2023,17.3226167,78.41278751,0.561316821,0.550523729,-0.550523729,0.841864967,17.21956483,29.0539513,22.92581178,Oil Palm,Arecaceae,Todo el año,Tropical húmedo,Alta,57.06682945
Field_88,13/10/2023,17.3226167,78.41278751,0.480760412,0.454711205,-0.454711205,0.721011986,22.93488354,35.45953777,7.460367163,Oil Palm,Arecaceae,Todo el año,Tropical húmedo,Alta,37.52639589
Field_88,28/10/2023,17.3226167,78.41278751,0.520923875,0.541272237,-0.541272237,0.781279414,18.10451454,38.63431696,7.616536262,Oil Palm,Arecaceae,Todo el año,Tropical húmedo,Alta,37.72461705
Field_88,12/12/2023,17.3226167,78.41278751,0.441833365,0.456123895,-0.456123895,0.662646928,23.26030247,24.44541085,7.109457081,Oil Palm,Arecaceae,Todo el año,Tropical húmedo,Alta,36.00322275
Field_89,1/1/2023,11.24402434,76.68692062,0.821338366,0.727101182,-0.727101182,1.231815361,5.547181026,16.23195301,9.864054188,Oil Palm,Arecaceae,Todo el año,Tropical húmedo,Alta,44.06769426
Field_89,16/1/2023,11.24402434,76.68692062,0.83211895,0.739793325,-0.739793325,1.247979099,4.788964009,22.56616483,16.79570428,Oil Palm,Arecaceae,Todo el año,Tropical húmedo,Alta,58.35005066
Field_89,31/1/2023,11.24402434,76.68692062,0.826227377,0.735067671,-0.735067671,1.239134117,5.090446412,22.90450628,17.1240357,Oil Palm,Arecaceae,Todo el año,Tropical húmedo,Alta,58.52740644
Field_89,15/2/2023,11.24402434,76.68692062,0.712363408,0.65735494,-0.65735494,1.068364027,10.2216765,24.9137438,9.054044588,Oil Palm,Arecaceae,Todo el año,Tropical húmedo,Alta,43.29567499
Field_89,3/2/2023,11.24402434,76.68692062,0.680401179,0.646127146,-0.646127146,1.02043141,11.12144299,23.21626636,8.794389942,Oil Palm,Arecaceae,Todo el año,Tropical húmedo,Alta,42.23154033
Field_89,17/3/2023,11.24402434,76.68692062,0.611201945,0.608653638,-0.608653638,0.916644382,13.74172715,32.34816864,15.34126196,Oil Palm,Arecaceae,Todo el año,Tropical húmedo,Alta,53.87442546
Field_89,4/1/2023,11.24402434,76.68692062,0.713009898,0.631199207,-0.631199207,1.069366954,11.55070006,17.25567439,2.043369165,Oil Palm,Arecaceae,Todo el año,Tropical húmedo,Alta,43.7234154
Field_89,16/4/2023,11.24402434,76.68692062,0.658235789,0.614713466,-0.614713466,0.987198745,12.95193512,24.28456869,8.670207286,Oil Palm,Arecaceae,Todo el año,Tropical húmedo,Alta,41.86639608
Field_89,14/8/2023,11.24402434,76.68692062,0.707148451,0.623307577,-0.623307577,1.060566565,12.01354339,44.11388436,16.34224943,Oil Palm,Arecaceae,Todo el año,Tropical húmedo,Alta,57.90144487
Field_89,28/9/2023,11.24402434,76.68692062,0.615161626,0.573172476,-0.573172476,0.922583495,15.51311059,27.47612224,15.04868009,Oil Palm,Arecaceae,Todo el año,Tropical húmedo,Alta,54.41692549
Field_89,13/10/2023,11.24402434,76.68692062,0.615161626,0.573172476,-0.573172476,0.922583495,15.51311059,30.05700624,15.23683563,Oil Palm,Arecaceae,Todo el año,Tropical húmedo,Alta,54.52125241
Field_89,27/12/2023,11.24402434,76.68692062,0.786473892,0.677960268,-0.677960268,1.179542149,8.412597373,18.832268,9.668372426,Oil Palm,Arecaceae,Todo el año,Tropical húmedo,Alta,44.45370389
Field_90,1/1/2023,14.4801889,77.59343049,0.414156416,0.534677599,-0.534677599,0.621146144,19.53166821,19.74768621,6.677640117,Oil Palm,Arecaceae,Todo el año,Tropical húmedo,Alta,33.69759765
Field_90,16/1/2023,14.4801889,77.59343049,0.352531615,0.487652383,-0.487652383,0.528727376,22.5623476,17.27280577,13.70524954,Oil Palm,Arecaceae,Todo el año,Tropical húmedo,Alta,44.8710116
Field_90,31/1/2023,14.4801889,77.59343049,0.368454734,0.523486009,-0.523486009,0.552610392,20.56990521,20.3416472,13.27719568,Oil Palm,Arecaceae,Todo el año,Tropical húmedo,Alta,44.69365582
Field_90,15/2/2023,14.4801889,77.59343049,0.343234039,0.495367156,-0.495367156,0.514789991,22.26335254,19.66441251,6.135752161,Oil Palm,Arecaceae,Todo el año,Tropical húmedo,Alta,31.57976101
Field_90,3/2/2023,14.4801889,77.59343049,0.331831966,0.502908641,-0.502908641,0.497692454,21.99469931,22.54286014,6.016273393,Oil Palm,Arecaceae,Todo el año,Tropical húmedo,Alta,31.0163956
Field_90,17/3/2023,14.4801889,77.59343049,0.275853446,0.394937491,-0.394937491,0.413732235,28.07987967,32.02607074,13.00625171,Oil Palm,Arecaceae,Todo el año,Tropical húmedo,Alta,42.98269421
Field_90,4/1/2023,14.4801889,77.59343049,0.294314734,0.477610881,-0.477610881,0.441424669,23.66967227,22.69645257,5.740625527,Oil Palm,Arecaceae,Todo el año,Tropical húmedo,Alta,29.97312633
Field_90,16/4/2023,14.4801889,77.59343049,0.262876035,0.467010124,-0.467010124,0.394271934,24.53207269,38.2964112,5.484733993,Oil Palm,Arecaceae,Todo el año,Tropical húmedo,Alta,28.91942436
Field_90,5/1/2023,14.4801889,77.59343049,0.236571071,0.467543545,-0.467543545,0.354818967,24.77348318,18.63666135,12.141677,Oil Palm,Arecaceae,Todo el año,Tropical húmedo,Alta,39.84245369
Field_90,16/5/2023,14.4801889,77.59343049,0.267962817,0.46022429,-0.46022429,0.401901876,24.82663639,25.63467713,5.545884543,Oil Palm,Arecaceae,Todo el año,Tropical húmedo,Alta,29.22197245
Field_90,31/5/2023,14.4801889,77.59343049,0.255494761,0.449513737,-0.449513737,0.383201755,25.50089872,30.87468287,5.459332995,Oil Palm,Arecaceae,Todo el año,Tropical húmedo,Alta,28.90899166
Field_90,15/6/2023,14.4801889,77.59343049,0.273513869,0.460120531,-0.460120531,0.410229058,24.77524257,42.40038476,5.595745761,Oil Palm,Arecaceae,Todo el año,Tropical húmedo,Alta,29.441059
Field_90,14/8/2023,14.4801889,77.59343049,0.246900618,0.338603656,-0.338603656,0.370316761,31.25222311,44.66552102,12.92816716,Oil Palm,Arecaceae,Todo el año,Tropical húmedo,Alta,42.70101151
Field_90,13/10/2023,14.4801889,77.59343049,0.403294264,0.562631525,-0.562631525,0.60487571,18.21515235,38.3844643,6.514885575,Oil Palm,Arecaceae,Todo el año,Tropical húmedo,Alta,32.84211684
Field_90,28/10/2023,14.4801889,77.59343049,0.338009404,0.496379601,-0.496379601,0.506959294,22.26501121,34.29333557,13.09750714,Oil Palm,Arecaceae,Todo el año,Tropical húmedo,Alta,43.83817502
Field_90,27/12/2023,14.4801889,77.59343049,0.286447197,0.474224266,-0.474224266,0.429616693,23.92295776,12.63254021,5.678534199,Oil Palm,Arecaceae,Todo el año,Tropical húmedo,Alta,29.7227417
